0|360965|
0|360966|
0|360967|
0|360968|
0|360969|
0|360970|
0|360971|
0|360972|
0|360973|
0|360974|
0|360975|
0|360976|
0|360977|
0|360978|
0|360979|
0|360980|
0|360981|
0|360982|
0|360983|
0|360984|
0|360985|
0|360986|
0|360987|
0|360988|
0|360989|
0|360990|
0|360991|
0|360992|
0|360993|
0|360994|
0|360995|
0|360996|
0|360997|
0|360998|
0|360999|
0|361000|
0|361001|
0|361002|
0|361003|
0|361004|
0|361005|
0|361006|
0|361007|
0|361008|
0|361009|
0|361010|
0|361011|
0|361012|
0|361013|
0|361014|
0|361015|
0|361016|
0|361017|
