0|535390|
0|535391|
0|535392|
0|535393|
0|535394|
0|535395|
0|535396|
0|535397|
0|535398|
0|535399|
0|535400|
0|535401|
0|535402|
0|535403|
0|535404|
0|535405|
0|535406|
0|535407|
0|535408|
0|535409|
0|535410|
0|535411|
0|535412|
0|535413|
0|535414|
0|535415|
0|535416|
0|535417|
0|535418|
0|535419|
0|535420|
0|535421|
0|535422|
0|535423|
0|535424|
0|535425|
0|535426|
0|535427|
0|535428|
0|535429|
0|535430|
0|535431|
0|535432|
0|535433|
0|535434|
0|535435|
0|535436|
0|535437|
0|535438|
0|535439|
0|535440|
0|535441|
0|535442|
0|535443|
0|535444|
0|535445|
0|535446|
0|535447|
0|535448|
0|535449|
