0|180630|
0|180631|
0|180632|
0|180633|
0|180634|
0|180635|
0|180636|
0|180637|
0|180638|
0|180639|
0|180640|
0|180641|
0|180642|
0|180643|
0|180644|
0|180645|
0|180646|
0|180647|
0|180648|
0|180649|
0|180650|
0|180651|
0|180652|
0|180653|
0|180654|
0|180655|
0|180656|
0|180657|
0|180658|
0|180659|
0|180660|
0|180661|
0|180662|
0|180663|
0|180664|
0|180665|
0|180666|
0|180667|
0|180668|
0|180669|
0|180670|
0|180671|
0|180672|
0|180673|
0|180674|
0|180675|
0|180676|
0|180677|
0|180678|
0|180679|
0|180680|
0|180681|
0|180682|
0|180683|
0|180684|
0|180685|
0|180686|
0|180687|
0|180688|
0|180689|
0|180690|
0|180691|
0|180692|
0|180693|
0|180694|
0|180695|
0|180696|
0|180697|
0|180698|
0|180699|
0|180700|
0|180701|
0|180702|
0|180703|
0|180704|
0|180705|
0|180706|
0|180707|
0|180708|
0|180709|
0|180710|
0|180711|
0|180712|
0|180713|
0|180714|
0|180715|
0|180716|
0|180717|
0|180718|
0|180719|
0|180720|
0|180721|
0|180722|
0|180723|
0|180724|
0|180725|
0|180726|
0|180727|
0|180728|
0|180729|
0|180730|
0|180731|
