0|523886|
0|523887|
0|523888|
0|523889|
0|523890|
0|523891|
0|523892|
0|523893|
0|523894|
0|523895|
0|523896|
0|523897|
0|523898|
0|523899|
0|523900|
0|523901|
0|523902|
0|523903|
0|523904|
0|523905|
0|523906|
0|523907|
0|523908|
0|523909|
0|523910|
0|523911|
0|523912|
0|523913|
0|523914|
0|523915|
0|523916|
0|523917|
0|523918|
0|523919|
0|523920|
0|523921|
0|523922|
0|523923|
0|523924|
0|523925|
0|523926|
0|523927|
0|523928|
0|523929|
0|523930|
0|523931|
0|523932|
0|523933|
0|523934|
0|523935|
0|523936|
0|523937|
0|523938|
0|523939|
0|523940|
0|523941|
0|523942|
0|523943|
0|523944|
0|523945|
0|523946|
0|523947|
0|523948|
0|523949|
0|523950|
0|523951|
0|523952|
0|523953|
0|523954|
0|523955|
0|523956|
0|523957|
0|523958|
