0|480304|
0|480305|
0|480306|
0|480307|
0|480308|
0|480309|
0|480311|
0|480313|
0|480315|
0|480317|
0|480319|
0|480321|
0|480322|
0|480323|
0|480324|
0|480325|
0|480326|
0|480327|
0|480328|
0|480329|
0|480330|
0|480331|
0|480332|
0|480333|
0|480334|
0|480335|
0|480336|
0|480337|
0|480338|
0|480339|
0|480340|
0|480341|
0|480342|
0|480343|
0|480344|
0|480345|
0|480346|
0|480347|
0|480348|
0|480349|
0|480350|
0|480351|
0|480352|
0|480353|
0|480354|
0|480355|
0|480356|
0|480357|
0|480358|
0|480359|
0|480360|
0|480361|
0|480362|
0|480363|
0|480364|
0|480365|
0|480366|
0|480367|
0|480368|
0|480369|
0|480370|
