0|152104|
0|152105|
0|152106|
0|152107|
0|152108|
0|152109|
0|152110|
0|152111|
0|152112|
0|152113|
0|152114|
0|152115|
0|152116|
0|152117|
0|152118|
0|152119|
0|152120|
0|152121|
0|152122|
0|152123|
0|152124|
0|152125|
0|152126|
0|152127|
0|152128|
0|152129|
0|152130|
0|152131|
0|152132|
0|152133|
0|152134|
0|152135|
0|152136|
0|152137|
0|152138|
0|152139|
0|152140|
0|152141|
0|152142|
0|152143|
0|152144|
0|152145|
0|152146|
0|152147|
0|152148|
0|152149|
0|152150|
0|152151|
0|152152|
0|152153|
0|152154|
