0|145926|
0|145927|
0|145928|
0|145929|
0|145930|
0|145931|
0|145932|
0|145933|
0|145934|
0|145935|
0|145936|
0|145937|
0|145938|
0|145939|
0|145940|
0|145941|
0|145942|
0|145943|
0|145944|
0|145945|
0|145946|
0|145947|
0|145948|
0|145949|
0|145950|
0|145951|
0|145952|
0|145953|
0|145954|
0|145955|
0|145956|
0|145957|
0|145958|
0|145959|
0|145960|
0|145961|
0|145962|
0|145963|
0|145964|
0|145965|
0|145966|
0|145967|
0|145968|
0|145969|
0|145970|
0|145971|
0|145972|
0|145973|
0|145974|
0|145975|
0|145976|
0|145977|
0|145978|
0|145979|
0|145980|
0|145981|
0|145982|
0|145983|
0|145984|
0|145985|
0|145986|
0|145987|
0|145988|
0|145989|
0|145990|
0|145991|
0|145992|
0|145993|
0|145994|
0|145995|
0|145996|
0|145997|
0|145998|
0|145999|
0|146000|
0|146001|
0|146002|
0|146003|
0|146004|
0|146005|
0|146006|
0|146007|
0|146008|
0|146009|
0|146010|
0|146011|
0|146012|
0|146013|
0|146014|
0|146015|
0|146016|
0|146017|
0|146018|
0|146019|
0|146020|
0|146021|
