0|298868|
0|298869|
0|298870|
0|298871|
0|298872|
0|298873|
0|298874|
0|298875|
0|298876|
0|298877|
0|298878|
0|298879|
0|298880|
0|298881|
0|298882|
0|298883|
0|298884|
0|298885|
0|298886|
0|298887|
0|298888|
0|298889|
0|298890|
0|298891|
0|298892|
0|298893|
0|298894|
0|298895|
0|298896|
0|298897|
0|298898|
0|298899|
0|298900|
0|298901|
0|298902|
0|298903|
0|298904|
0|298905|
0|298906|
0|298907|
0|298908|
0|298909|
0|298910|
0|298911|
0|298912|
0|298913|
0|298914|
0|298915|
0|298916|
0|298917|
0|298918|
0|298919|
0|298920|
0|298921|
0|298922|
0|298923|
0|298924|
0|298925|
0|298926|
0|298927|
0|298928|
0|298929|
0|298930|
0|298931|
0|298932|
0|298933|
0|298934|
0|298935|
0|298936|
0|298937|
0|298938|
0|298939|
0|298940|
0|298941|
0|298942|
0|298943|
0|298944|
0|298945|
0|298946|
0|298947|
0|298948|
0|298949|
0|298950|
0|298951|
0|298952|
0|298953|
0|298954|
0|298955|
0|298956|
0|298957|
