0|246770|
0|246771|
0|246772|
0|246773|
0|246774|
0|246775|
0|246776|
0|246777|
0|246778|
0|246779|
0|246780|
0|246781|
0|246782|
0|246783|
0|246784|
0|246785|
0|246786|
0|246787|
0|246788|
0|246789|
0|246790|
0|246791|
0|246792|
0|246793|
0|246794|
0|246795|
0|246796|
0|246797|
0|246798|
0|246799|
0|246800|
0|246801|
0|246802|
0|246803|
0|246804|
0|246805|
0|246806|
0|246807|
0|246808|
0|246809|
0|246810|
0|246811|
0|246812|
0|246813|
0|246814|
0|246815|
0|246816|
0|246817|
0|246818|
0|246819|
0|246820|
0|246821|
0|246822|
0|246823|
0|246824|
0|246825|
0|246826|
0|246827|
0|246828|
0|246829|
0|246830|
0|246831|
0|246832|
0|246833|
0|246834|
0|246835|
0|246836|
0|246837|
0|246838|
0|246839|
0|246840|
0|246841|
0|246842|
0|246843|
0|246844|
0|246845|
0|246846|
0|246847|
0|246848|
0|246849|
0|246850|
0|246851|
0|246852|
0|246853|
