0|655342|
0|655343|
0|655344|
0|655345|
0|655346|
0|655347|
0|655348|
0|655349|
0|655350|
0|655351|
0|655352|
0|655353|
0|655354|
0|655355|
0|655356|
0|655357|
0|655358|
0|655359|
0|655360|
0|655361|
0|655362|
0|655363|
0|655364|
0|655365|
0|655366|
0|655367|
0|655368|
0|655369|
0|655370|
0|655371|
0|655372|
0|655373|
0|655374|
0|655375|
0|655376|
0|655377|
0|655378|
0|655379|
0|655380|
0|655381|
0|655382|
0|655383|
0|655384|
0|655385|
0|655386|
0|655387|
0|655388|
0|655389|
0|655390|
0|655391|
0|655392|
0|655393|
0|655394|
0|655395|
0|655396|
0|655397|
0|655398|
0|655399|
0|655400|
0|655401|
0|655402|
0|655403|
0|655404|
0|655405|
0|655406|
0|655407|
0|655408|
0|655409|
0|655410|
0|655411|
0|655412|
0|655413|
0|655414|
0|655415|
0|655416|
0|655417|
0|655418|
0|655419|
0|655420|
0|655421|
0|655422|
