0|19139|
0|19140|
0|19141|
0|19142|
0|19143|
0|19144|
0|19145|
0|19146|
0|19147|
0|19148|
0|19149|
0|19150|
0|19151|
0|19152|
0|19153|
0|19154|
0|19155|
0|19156|
0|19157|
0|19158|
0|19159|
0|19160|
0|19161|
0|19162|
0|19163|
0|19164|
0|19165|
0|19166|
0|19167|
0|19168|
0|19169|
0|19170|
0|19171|
0|19172|
0|19173|
0|19174|
0|19175|
0|19176|
0|19177|
0|19178|
0|19179|
0|19180|
0|19181|
0|19182|
0|19183|
0|19184|
0|19185|
0|19186|
0|19187|
0|19188|
0|19189|
0|19190|
0|19191|
0|19192|
0|19193|
0|19194|
0|19195|
0|19196|
0|19197|
0|19198|
0|19199|
0|19200|
0|19201|
0|19202|
0|19203|
0|19204|
0|19205|
0|19206|
0|19207|
0|19208|
0|19209|
0|19210|
