0|259492|
0|259494|
0|259495|
0|259496|
0|259497|
0|259498|
0|259499|
0|259500|
0|259501|
0|259502|
0|259503|
0|259504|
0|259505|
0|259506|
0|259507|
0|259508|
0|259509|
0|259510|
0|259511|
0|259512|
0|259513|
0|259514|
0|259515|
0|259516|
0|259517|
0|259518|
0|259519|
0|259520|
0|259521|
0|259522|
0|259523|
0|259524|
0|259525|
0|259526|
0|259527|
0|259528|
0|259529|
0|259530|
0|259531|
0|259532|
0|259533|
0|259534|
0|259535|
0|259536|
0|259537|
0|259538|
0|259539|
0|259540|
0|259541|
0|259542|
0|259543|
0|259544|
0|259545|
0|259546|
0|259547|
0|259548|
0|259549|
0|259550|
0|259551|
0|259552|
0|259553|
0|259554|
0|259555|
0|259556|
0|259557|
0|259558|
0|259559|
0|259560|
0|259561|
0|259562|
0|259563|
0|259564|
0|259565|
0|259566|
0|259567|
0|259568|
0|259569|
0|259570|
0|259571|
0|259572|
0|259573|
0|259574|
0|259575|
0|259576|
0|259577|
0|259578|
0|259579|
0|259580|
0|259581|
0|259582|
0|259583|
0|259584|
0|259585|
0|259586|
0|259587|
0|259588|
0|259589|
0|259590|
0|259591|
0|259592|
