0|527805|
0|527806|
0|527807|
0|527808|
0|527809|
0|527810|
0|527811|
0|527812|
0|527813|
0|527814|
0|527815|
0|527816|
0|527817|
0|527818|
0|527819|
0|527820|
0|527821|
0|527822|
0|527823|
0|527824|
0|527825|
0|527826|
0|527827|
0|527828|
0|527829|
0|527830|
0|527831|
0|527832|
0|527833|
0|527834|
0|527835|
0|527836|
0|527837|
0|527838|
0|527839|
0|527840|
0|527841|
0|527842|
0|527843|
0|527844|
0|527845|
0|527846|
0|527847|
0|527848|
0|527849|
0|527850|
0|527851|
0|527852|
0|527853|
0|527854|
