0|652506|
0|652507|
0|652508|
0|652509|
0|652510|
0|652511|
0|652512|
0|652513|
0|652514|
0|652515|
0|652516|
0|652517|
0|652518|
0|652519|
0|652520|
0|652521|
0|652522|
0|652523|
0|652524|
0|652525|
0|652526|
0|652527|
0|652528|
0|652529|
0|652530|
0|652531|
0|652532|
0|652533|
0|652534|
0|652535|
0|652536|
0|652537|
0|652538|
0|652539|
0|652540|
0|652541|
0|652542|
0|652543|
0|652544|
0|652545|
0|652546|
0|652547|
0|652548|
0|652549|
0|652550|
0|652551|
0|652552|
0|652553|
0|652554|
0|652555|
0|652556|
0|652557|
0|652558|
0|652559|
0|652560|
0|652561|
0|652562|
0|652563|
0|652564|
0|652565|
0|652566|
0|652567|
0|652568|
0|652569|
