0|250804|
0|250805|
0|250806|
0|250807|
0|250808|
0|250809|
0|250810|
0|250811|
0|250812|
0|250813|
0|250814|
0|250815|
0|250816|
0|250817|
0|250818|
0|250819|
0|250820|
0|250821|
0|250822|
0|250823|
0|250824|
0|250825|
0|250826|
0|250827|
0|250828|
0|250829|
0|250830|
0|250831|
0|250832|
0|250833|
0|250834|
0|250835|
0|250836|
0|250837|
0|250838|
0|250839|
0|250840|
0|250841|
0|250842|
0|250843|
0|250844|
0|250845|
0|250846|
0|250847|
0|250848|
0|250849|
0|250850|
0|250851|
0|250852|
0|250853|
0|250854|
0|250855|
0|250856|
0|250857|
0|250858|
0|250859|
0|250860|
0|250861|
0|250862|
0|250863|
0|250864|
0|250865|
0|250866|
0|250867|
0|250868|
0|250869|
0|250870|
0|250871|
0|250872|
0|250873|
0|250874|
0|250875|
0|250876|
0|250877|
0|250878|
0|250879|
0|250880|
0|250881|
0|250882|
0|250883|
0|250884|
0|250885|
0|250886|
0|250887|
0|250888|
0|250889|
0|250890|
0|250891|
0|250892|
0|250893|
0|250894|
0|250895|
0|250896|
0|250897|
0|250898|
0|250899|
0|250900|
0|250901|
0|250902|
0|250903|
