0|372815|
0|372816|
0|372817|
0|372818|
0|372819|
0|372820|
0|372821|
0|372822|
0|372823|
0|372824|
0|372825|
0|372826|
0|372827|
0|372828|
0|372829|
0|372830|
0|372831|
0|372832|
0|372833|
0|372834|
0|372835|
0|372836|
0|372837|
0|372838|
0|372839|
0|372840|
0|372841|
0|372842|
0|372843|
0|372844|
0|372845|
0|372846|
0|372847|
0|372848|
0|372849|
0|372850|
0|372851|
0|372852|
0|372853|
0|372855|
0|372856|
0|372857|
0|372858|
0|372859|
0|372860|
0|372861|
0|372862|
0|372863|
0|372864|
0|372865|
0|372866|
0|372867|
0|372868|
0|372869|
0|372870|
0|372871|
0|372872|
0|372873|
0|372874|
0|372875|
0|372876|
