0|324638|
0|324639|
0|324640|
0|324641|
0|324642|
0|324643|
0|324644|
0|324645|
0|324646|
0|324647|
0|324648|
0|324649|
0|324650|
0|324651|
0|324652|
0|324653|
0|324654|
0|324655|
0|324656|
0|324657|
0|324658|
0|324659|
0|324660|
0|324661|
0|324662|
0|324663|
0|324664|
0|324665|
0|324666|
0|324667|
0|324668|
0|324669|
0|324670|
0|324671|
0|324672|
0|324673|
0|324674|
0|324675|
0|324676|
0|324677|
0|324678|
0|324679|
0|324680|
0|324681|
0|324682|
0|324683|
0|324684|
0|324685|
0|324686|
0|324687|
0|324688|
0|324689|
0|324690|
0|324691|
0|324692|
0|324693|
0|324694|
0|324695|
0|324696|
0|324697|
0|324698|
0|324699|
0|324700|
0|324701|
0|324702|
0|324703|
0|324704|
0|324705|
0|324706|
0|324707|
0|324708|
0|324709|
0|324710|
0|324711|
0|324712|
0|324713|
0|324714|
0|324715|
0|324716|
0|324717|
0|324718|
0|324719|
0|324720|
0|324721|
0|324722|
0|324723|
0|324724|
0|324725|
0|324726|
0|324727|
