0|445572|
0|445573|
0|445574|
0|445575|
0|445576|
0|445577|
0|445578|
0|445579|
0|445580|
0|445581|
0|445582|
0|445583|
0|445584|
0|445585|
0|445586|
0|445587|
0|445588|
0|445589|
0|445590|
0|445591|
0|445592|
0|445593|
0|445594|
0|445595|
0|445596|
0|445597|
0|445598|
0|445599|
0|445600|
0|445601|
0|445602|
0|445603|
0|445604|
0|445605|
0|445606|
0|445607|
0|445608|
0|445609|
0|445610|
0|445611|
0|445612|
0|445613|
0|445614|
0|445615|
0|445616|
0|445617|
0|445618|
0|445619|
0|445620|
0|445621|
0|445622|
0|445623|
0|445624|
0|445625|
0|445626|
0|445627|
0|445628|
0|445629|
