0|24106|
0|24107|
0|24108|
0|24109|
0|24110|
0|24111|
0|24112|
0|24113|
0|24114|
0|24115|
0|24116|
0|24117|
0|24118|
0|24119|
0|24120|
0|24121|
0|24122|
0|24123|
0|24124|
0|24125|
0|24126|
0|24127|
0|24128|
0|24129|
0|24130|
0|24131|
0|24132|
0|24133|
0|24134|
0|24135|
0|24136|
0|24137|
0|24138|
0|24139|
0|24140|
0|24141|
0|24142|
0|24143|
0|24144|
0|24145|
0|24146|
0|24147|
0|24148|
0|24149|
0|24150|
0|24151|
0|24152|
0|24153|
0|24154|
0|24155|
0|24156|
0|24157|
0|24158|
0|24159|
0|24160|
0|24161|
0|24162|
0|24163|
0|24164|
0|24165|
0|24166|
0|24167|
0|24168|
0|24169|
0|24170|
0|24171|
0|24172|
0|24173|
0|24174|
0|24175|
0|24176|
0|24177|
0|24178|
0|24179|
0|24180|
0|24181|
0|24182|
0|24183|
0|24184|
0|24185|
0|24186|
0|24187|
0|24188|
0|24189|
0|24190|
0|24191|
0|24192|
0|24193|
0|24194|
0|24195|
0|24196|
0|24197|
0|24198|
0|24199|
0|24200|
0|24201|
0|24202|
0|24203|
0|24204|
0|24205|
0|24206|
0|24207|
0|24208|
0|24209|
0|24210|
0|24211|
0|24212|
