0|382905|
0|382907|
0|382909|
0|382911|
0|382913|
0|382915|
0|382916|
0|382919|
0|382921|
0|382923|
0|382924|
0|382926|
0|382928|
0|382930|
0|382932|
0|382934|
0|382936|
0|382938|
0|382940|
0|382942|
0|382944|
0|382946|
0|382948|
0|382950|
0|382952|
0|382954|
0|382956|
0|382958|
0|382960|
0|382962|
0|382964|
0|382966|
0|382968|
0|382970|
0|382972|
0|382974|
0|382976|
0|382978|
0|382980|
0|382982|
0|382984|
0|382986|
0|382988|
0|382990|
0|382992|
0|382994|
0|382996|
0|382998|
0|383000|
0|383002|
0|383004|
0|383006|
0|383008|
0|383010|
0|383012|
0|383014|
0|383016|
0|383018|
0|383020|
0|383022|
0|383024|
0|383026|
0|383028|
0|383029|
0|383030|
0|383031|
0|383032|
0|383033|
0|383034|
0|383035|
0|383036|
0|383037|
0|383038|
0|383039|
0|383040|
0|383041|
0|383042|
0|383043|
0|383044|
0|383045|
0|383046|
0|383047|
0|383048|
0|383049|
0|383050|
0|383051|
