0|626168|
0|626170|
0|626172|
0|626174|
0|626176|
0|626178|
0|626180|
0|626182|
0|626184|
0|626186|
0|626188|
0|626190|
0|626192|
0|626194|
0|626196|
0|626198|
0|626200|
0|626202|
0|626204|
0|626206|
0|626208|
0|626210|
0|626212|
0|626214|
0|626216|
0|626218|
0|626220|
0|626222|
0|626224|
0|626226|
0|626228|
0|626230|
0|626232|
0|626233|
0|626234|
0|626235|
0|626236|
0|626238|
0|626239|
0|626240|
0|626241|
0|626242|
0|626243|
0|626244|
0|626245|
0|626246|
0|626247|
0|626248|
0|626249|
0|626250|
0|626251|
0|626252|
0|626253|
0|626254|
0|626255|
0|626256|
0|626257|
0|626258|
0|626259|
0|626260|
0|626261|
0|626262|
0|626263|
0|626264|
0|626265|
0|626266|
0|626267|
0|626268|
0|626269|
0|626270|
0|626271|
0|626272|
0|626273|
0|626274|
0|626275|
0|626276|
0|626277|
0|626278|
0|626279|
0|626280|
0|626281|
0|626282|
0|626283|
0|626284|
0|626285|
0|626286|
0|626287|
0|626288|
0|626289|
0|626290|
0|626291|
