0|672517|
0|672518|
0|672519|
0|672520|
0|672521|
0|672522|
0|672523|
0|672524|
0|672525|
0|672526|
0|672527|
0|672528|
0|672529|
0|672530|
0|672531|
0|672532|
0|672533|
0|672535|
0|672537|
0|672539|
0|672541|
0|672543|
0|672545|
0|672546|
0|672547|
0|672548|
0|672549|
0|672550|
0|672551|
0|672552|
0|672553|
0|672554|
0|672555|
0|672556|
0|672557|
0|672558|
0|672559|
0|672560|
0|672561|
0|672562|
0|672563|
0|672564|
0|672565|
0|672566|
0|672567|
0|672568|
0|672569|
0|672570|
0|672571|
0|672572|
0|672573|
0|672574|
0|672575|
0|672576|
0|672577|
0|672578|
0|672579|
0|672580|
0|672581|
0|672582|
0|672583|
0|672584|
