0|38247|
0|38248|
0|38249|
0|38250|
0|38251|
0|38252|
0|38253|
0|38254|
0|38255|
0|38256|
0|38257|
0|38258|
0|38259|
0|38260|
0|38261|
0|38262|
0|38263|
0|38264|
0|38265|
0|38266|
0|38267|
0|38268|
0|38269|
0|38270|
0|38271|
0|38272|
0|38273|
0|38274|
0|38275|
0|38276|
0|38277|
0|38278|
0|38279|
0|38280|
0|38281|
0|38282|
0|38283|
0|38284|
0|38285|
0|38286|
0|38287|
0|38288|
0|38289|
0|38290|
0|38291|
0|38292|
0|38293|
0|38294|
0|38295|
0|38296|
0|38297|
0|38298|
0|38299|
0|38300|
0|38301|
0|38302|
0|38303|
0|38304|
0|38305|
0|38306|
0|38307|
0|38308|
0|38309|
0|38310|
0|38311|
