0|219029|
0|219030|
0|219031|
0|219032|
0|219033|
0|219034|
0|219035|
0|219036|
0|219037|
0|219038|
0|219039|
0|219040|
0|219041|
0|219042|
0|219043|
0|219044|
0|219045|
0|219046|
0|219047|
0|219048|
0|219049|
0|219050|
0|219051|
0|219052|
0|219053|
0|219054|
0|219055|
0|219056|
0|219057|
0|219058|
0|219059|
0|219060|
0|219061|
0|219062|
0|219063|
0|219064|
0|219065|
0|219066|
0|219067|
0|219068|
0|219069|
0|219070|
0|219071|
0|219072|
0|219073|
0|219074|
0|219075|
0|219076|
0|219077|
0|219078|
0|219079|
0|219080|
0|219081|
0|219082|
