0|590244|
0|590245|
0|590246|
0|590247|
0|590248|
0|590249|
0|590250|
0|590251|
0|590252|
0|590253|
0|590254|
0|590255|
0|590256|
0|590257|
0|590258|
0|590259|
0|590260|
0|590261|
0|590262|
0|590263|
0|590264|
0|590265|
0|590266|
0|590267|
0|590268|
0|590269|
0|590270|
0|590271|
0|590272|
0|590273|
0|590274|
0|590275|
0|590276|
0|590277|
0|590278|
0|590279|
0|590280|
0|590281|
0|590282|
0|590283|
0|590284|
0|590285|
0|590286|
0|590287|
0|590288|
0|590289|
0|590290|
0|590291|
0|590292|
0|590293|
0|590294|
0|590295|
0|590296|
0|590297|
0|590298|
0|590299|
0|590300|
0|590301|
0|590302|
0|590303|
0|590304|
0|590305|
0|590306|
0|590307|
0|590308|
0|590309|
0|590310|
0|590311|
0|590312|
0|590313|
0|590314|
0|590315|
0|590316|
0|590317|
0|590318|
0|590319|
0|590320|
0|590321|
0|590322|
0|590323|
