0|576008|
0|576009|
0|576010|
0|576011|
0|576012|
0|576013|
0|576014|
0|576015|
0|576016|
0|576017|
0|576018|
0|576019|
0|576020|
0|576021|
0|576022|
0|576023|
0|576024|
0|576025|
0|576026|
0|576027|
0|576028|
0|576029|
0|576030|
0|576031|
0|576032|
0|576033|
0|576034|
0|576035|
0|576036|
0|576038|
0|576040|
0|576041|
0|576042|
0|576043|
0|576044|
0|576045|
0|576046|
0|576047|
0|576048|
0|576049|
0|576050|
0|576051|
0|576052|
0|576053|
0|576054|
0|576055|
0|576056|
0|576057|
0|576058|
0|576060|
0|576061|
0|576063|
0|576065|
0|576066|
0|576067|
0|576068|
0|576069|
0|576070|
0|576071|
0|576072|
0|576073|
0|576074|
0|576075|
0|576076|
0|576077|
0|576078|
0|576079|
0|576080|
0|576081|
0|576082|
0|576083|
0|576084|
0|576085|
0|576086|
0|576087|
0|576088|
0|576089|
0|576090|
0|576091|
0|576092|
0|576093|
