0|257370|
0|257371|
0|257372|
0|257373|
0|257374|
0|257375|
0|257376|
0|257377|
0|257378|
0|257379|
0|257380|
0|257381|
0|257382|
0|257383|
0|257384|
0|257385|
0|257386|
0|257387|
0|257388|
0|257389|
0|257390|
0|257391|
0|257392|
0|257393|
0|257394|
0|257395|
0|257396|
0|257397|
0|257398|
0|257399|
0|257400|
0|257401|
0|257402|
0|257403|
0|257404|
0|257405|
0|257406|
0|257407|
0|257408|
0|257409|
0|257410|
0|257411|
0|257412|
0|257413|
0|257414|
0|257415|
0|257416|
0|257417|
0|257418|
0|257419|
0|257420|
0|257421|
0|257422|
0|257423|
0|257424|
0|257425|
0|257426|
0|257427|
0|257428|
0|257429|
0|257430|
0|257431|
0|257432|
0|257433|
0|257434|
0|257435|
0|257436|
0|257437|
0|257438|
0|257439|
0|257440|
0|257441|
0|257442|
0|257443|
0|257444|
0|257445|
0|257446|
0|257447|
0|257448|
0|257449|
0|257450|
0|257451|
0|257452|
0|257453|
0|257454|
0|257455|
0|257456|
0|257457|
0|257458|
0|257459|
0|257460|
0|257461|
0|257462|
0|257463|
0|257464|
0|257465|
0|257466|
0|257467|
0|257468|
0|257469|
0|257470|
0|257471|
0|257472|
0|257473|
0|257474|
0|257475|
0|257476|
0|257477|
