0|324159|
0|324161|
0|324163|
0|324165|
0|324167|
0|324169|
0|324171|
0|324172|
0|324173|
0|324174|
0|324175|
0|324176|
0|324177|
0|324178|
0|324179|
0|324180|
0|324181|
0|324182|
0|324183|
0|324184|
0|324185|
0|324186|
0|324187|
0|324188|
0|324189|
0|324190|
0|324191|
0|324192|
0|324193|
0|324194|
0|324195|
0|324196|
0|324197|
0|324198|
0|324199|
0|324200|
0|324201|
0|324202|
0|324203|
0|324204|
0|324205|
0|324206|
0|324207|
0|324208|
0|324209|
0|324210|
0|324211|
0|324212|
0|324213|
0|324214|
0|324215|
0|324216|
0|324217|
0|324218|
0|324219|
0|324220|
0|324221|
0|324222|
0|324223|
0|324224|
0|324225|
0|324226|
0|324227|
0|324228|
0|324229|
0|324230|
0|324231|
0|324232|
0|324233|
0|324234|
0|324235|
0|324236|
0|324237|
0|324238|
0|324239|
0|324240|
0|324241|
0|324242|
0|324243|
0|324244|
0|324245|
0|324246|
0|324247|
0|324248|
0|324249|
0|324250|
0|324251|
0|324252|
0|324253|
0|324254|
0|324255|
0|324256|
0|324257|
0|324258|
0|324259|
0|324260|
0|324261|
0|324262|
0|324263|
0|324264|
0|324265|
0|324266|
0|324267|
0|324268|
