0|193879|
0|193880|
0|193881|
0|193882|
0|193883|
0|193884|
0|193885|
0|193886|
0|193887|
0|193888|
0|193889|
0|193890|
0|193891|
0|193892|
0|193893|
0|193894|
0|193895|
0|193896|
0|193897|
0|193898|
0|193899|
0|193900|
0|193901|
0|193902|
0|193903|
0|193904|
0|193905|
0|193906|
0|193907|
0|193908|
0|193909|
0|193910|
0|193911|
0|193912|
0|193913|
0|193914|
0|193915|
0|193916|
0|193917|
0|193918|
0|193919|
0|193920|
0|193921|
0|193922|
0|193923|
0|193924|
0|193925|
0|193926|
0|193927|
0|193928|
0|193929|
0|193930|
0|193931|
0|193932|
0|193933|
0|193934|
0|193935|
0|193936|
0|193937|
0|193938|
0|193939|
0|193940|
0|193941|
0|193942|
