0|471973|
0|471974|
0|471975|
0|471976|
0|471977|
0|471978|
0|471979|
0|471980|
0|471981|
0|471982|
0|471983|
0|471984|
0|471985|
0|471986|
0|471987|
0|471988|
0|471989|
0|471990|
0|471991|
0|471992|
0|471993|
0|471994|
0|471995|
0|471996|
0|471997|
0|471998|
0|471999|
0|472000|
0|472001|
0|472002|
0|472003|
0|472004|
0|472005|
0|472006|
0|472007|
0|472008|
0|472009|
0|472010|
0|472011|
0|472012|
0|472013|
0|472014|
0|472015|
0|472016|
0|472017|
0|472018|
0|472019|
0|472020|
0|472021|
0|472022|
0|472023|
