0|355741|
0|355742|
0|355743|
0|355744|
0|355746|
0|355749|
0|355750|
0|355751|
0|355752|
0|355753|
0|355754|
0|355755|
0|355756|
0|355757|
0|355758|
0|355759|
0|355760|
0|355761|
0|355762|
0|355763|
0|355764|
0|355765|
0|355766|
0|355767|
0|355768|
0|355769|
0|355770|
0|355771|
0|355772|
0|355773|
0|355774|
0|355775|
0|355776|
0|355777|
0|355778|
0|355779|
0|355780|
0|355781|
0|355782|
0|355783|
0|355784|
0|355785|
0|355786|
0|355787|
0|355788|
0|355789|
0|355790|
0|355791|
0|355792|
0|355793|
0|355794|
0|355795|
0|355796|
0|355797|
0|355798|
0|355799|
0|355800|
0|355801|
0|355802|
0|355804|
0|355806|
0|355807|
0|355808|
0|355809|
0|355810|
0|355811|
0|355812|
0|355813|
0|355814|
0|355815|
0|355816|
0|355817|
0|355818|
