0|661060|
0|661061|
0|661062|
0|661063|
0|661064|
0|661065|
0|661066|
0|661067|
0|661068|
0|661069|
0|661070|
0|661071|
0|661072|
0|661073|
0|661074|
0|661075|
0|661076|
0|661077|
0|661078|
0|661079|
0|661080|
0|661081|
0|661082|
0|661083|
0|661084|
0|661085|
0|661086|
0|661087|
0|661088|
0|661089|
0|661090|
0|661091|
0|661092|
0|661093|
0|661095|
0|661097|
0|661099|
0|661101|
0|661103|
0|661105|
0|661107|
0|661109|
0|661111|
0|661113|
0|661115|
0|661117|
0|661119|
0|661121|
0|661123|
0|661125|
0|661127|
0|661129|
0|661131|
0|661134|
0|661136|
0|661138|
0|661140|
0|661142|
0|661144|
0|661146|
0|661148|
0|661150|
0|661151|
0|661152|
0|661153|
0|661154|
0|661155|
0|661156|
0|661157|
0|661158|
0|661159|
0|661160|
0|661161|
0|661162|
0|661163|
0|661164|
0|661165|
0|661166|
0|661167|
0|661168|
0|661169|
