0|224214|
0|224215|
0|224216|
0|224217|
0|224218|
0|224219|
0|224220|
0|224221|
0|224222|
0|224223|
0|224224|
0|224225|
0|224227|
0|224228|
0|224229|
0|224230|
0|224231|
0|224232|
0|224233|
0|224234|
0|224235|
0|224236|
0|224237|
0|224238|
0|224239|
0|224240|
0|224241|
0|224242|
0|224243|
0|224244|
0|224245|
0|224246|
0|224247|
0|224248|
0|224249|
0|224250|
0|224251|
0|224252|
0|224253|
0|224254|
0|224255|
0|224256|
0|224257|
0|224258|
0|224259|
0|224260|
0|224261|
0|224262|
0|224263|
0|224264|
0|224265|
0|224266|
0|224267|
0|224268|
