0|506709|
0|506711|
0|506713|
0|506715|
0|506717|
0|506719|
0|506721|
0|506723|
0|506725|
0|506727|
0|506729|
0|506731|
0|506733|
0|506735|
0|506737|
0|506739|
0|506741|
0|506743|
0|506745|
0|506747|
0|506749|
0|506751|
0|506753|
0|506755|
0|506757|
0|506759|
0|506761|
0|506763|
0|506765|
0|506767|
0|506769|
0|506771|
0|506772|
0|506773|
0|506774|
0|506775|
0|506776|
0|506777|
0|506778|
0|506779|
0|506780|
0|506781|
0|506782|
0|506783|
0|506784|
0|506785|
0|506786|
0|506787|
0|506788|
0|506789|
0|506790|
0|506791|
0|506792|
0|506793|
0|506794|
0|506795|
0|506796|
0|506797|
0|506798|
0|506799|
0|506800|
0|506801|
0|506802|
0|506803|
0|506804|
0|506805|
0|506806|
0|506807|
0|506808|
