0|91104|
0|91105|
0|91106|
0|91107|
0|91108|
0|91109|
0|91110|
0|91111|
0|91112|
0|91113|
0|91114|
0|91115|
0|91116|
0|91117|
0|91118|
0|91119|
0|91120|
0|91121|
0|91122|
0|91123|
0|91124|
0|91125|
0|91126|
0|91127|
0|91128|
0|91129|
0|91130|
0|91131|
0|91132|
0|91133|
0|91134|
0|91135|
0|91136|
0|91137|
0|91138|
0|91139|
0|91140|
0|91141|
0|91142|
0|91143|
0|91144|
0|91145|
0|91146|
0|91147|
0|91148|
0|91149|
0|91150|
0|91151|
0|91152|
0|91153|
0|91154|
0|91155|
0|91156|
0|91157|
0|91158|
0|91159|
0|91160|
0|91161|
0|91162|
0|91163|
0|91164|
0|91165|
0|91166|
0|91167|
0|91168|
0|91169|
0|91170|
0|91171|
0|91172|
0|91173|
0|91174|
0|91175|
0|91176|
0|91177|
