0|508830|
0|508831|
0|508832|
0|508833|
0|508834|
0|508835|
0|508836|
0|508837|
0|508838|
0|508839|
0|508840|
0|508841|
0|508842|
0|508843|
0|508844|
0|508845|
0|508846|
0|508847|
0|508848|
0|508849|
0|508850|
0|508851|
0|508852|
0|508853|
0|508854|
0|508855|
0|508856|
0|508857|
0|508858|
0|508859|
0|508860|
0|508861|
0|508862|
0|508863|
0|508864|
0|508865|
0|508866|
0|508867|
0|508868|
0|508869|
0|508870|
0|508871|
0|508872|
0|508873|
0|508874|
0|508875|
0|508876|
0|508877|
0|508878|
0|508879|
0|508880|
0|508881|
0|508882|
0|508883|
0|508884|
0|508885|
0|508886|
