0|324482|
0|324483|
0|324484|
0|324485|
0|324486|
0|324487|
0|324488|
0|324489|
0|324490|
0|324491|
0|324492|
0|324493|
0|324494|
0|324495|
0|324496|
0|324497|
0|324498|
0|324499|
0|324500|
0|324501|
0|324502|
0|324503|
0|324504|
0|324505|
0|324506|
0|324507|
0|324508|
0|324509|
0|324510|
0|324511|
0|324512|
0|324513|
0|324514|
0|324515|
0|324516|
0|324517|
0|324518|
0|324519|
0|324520|
0|324521|
0|324522|
0|324523|
0|324524|
0|324525|
0|324526|
0|324527|
0|324528|
0|324529|
0|324530|
0|324532|
0|324534|
0|324536|
0|324538|
0|324540|
0|324542|
0|324544|
0|324546|
0|324548|
0|324550|
0|324552|
0|324554|
0|324556|
0|324558|
0|324560|
0|324562|
0|324564|
0|324566|
0|324568|
0|324570|
0|324571|
0|324572|
0|324573|
0|324574|
0|324575|
0|324576|
0|324577|
