0|565582|
0|565583|
0|565584|
0|565585|
0|565586|
0|565587|
0|565588|
0|565589|
0|565590|
0|565591|
0|565592|
0|565593|
0|565594|
0|565595|
0|565596|
0|565597|
0|565598|
0|565599|
0|565600|
0|565601|
0|565602|
0|565603|
0|565604|
0|565605|
0|565606|
0|565607|
0|565608|
0|565609|
0|565610|
0|565611|
0|565612|
0|565613|
0|565614|
0|565615|
0|565616|
0|565617|
0|565618|
0|565619|
0|565620|
0|565621|
0|565622|
0|565623|
0|565624|
0|565625|
0|565626|
0|565627|
0|565628|
0|565629|
0|565630|
0|565631|
0|565632|
0|565633|
0|565634|
0|565635|
0|565636|
0|565637|
0|565638|
0|565639|
0|565640|
0|565641|
0|565642|
0|565643|
0|565644|
0|565645|
0|565646|
0|565647|
0|565648|
0|565649|
0|565650|
0|565651|
0|565652|
0|565653|
0|565654|
0|565655|
0|565656|
0|565657|
0|565658|
0|565659|
0|565660|
0|565661|
0|565662|
0|565663|
0|565664|
0|565665|
0|565666|
0|565667|
0|565668|
0|565669|
0|565670|
0|565671|
0|565672|
0|565673|
0|565674|
0|565675|
0|565676|
0|565677|
0|565678|
0|565679|
0|565680|
0|565681|
0|565682|
0|565683|
0|565684|
0|565685|
