0|269899|
0|269900|
0|269901|
0|269902|
0|269903|
0|269904|
0|269905|
0|269906|
0|269907|
0|269908|
0|269909|
0|269910|
0|269911|
0|269912|
0|269913|
0|269914|
0|269915|
0|269916|
0|269917|
0|269918|
0|269919|
0|269920|
0|269921|
0|269922|
0|269923|
0|269924|
0|269925|
0|269926|
0|269927|
0|269928|
0|269929|
0|269930|
0|269931|
0|269932|
0|269933|
0|269934|
0|269935|
0|269936|
0|269937|
0|269938|
0|269939|
0|269940|
0|269941|
0|269942|
0|269943|
0|269944|
0|269945|
0|269946|
0|269947|
0|269948|
0|269949|
0|269950|
0|269951|
0|269952|
0|269953|
0|269954|
0|269955|
0|269956|
0|269957|
0|269958|
0|269959|
0|269960|
0|269961|
0|269962|
0|269963|
0|269964|
0|269965|
0|269966|
0|269967|
0|269968|
0|269969|
