0|532872|
0|532873|
0|532874|
0|532875|
0|532876|
0|532877|
0|532878|
0|532879|
0|532880|
0|532881|
0|532882|
0|532883|
0|532884|
0|532885|
0|532886|
0|532887|
0|532889|
0|532890|
0|532891|
0|532892|
0|532894|
0|532896|
0|532898|
0|532899|
0|532900|
0|532901|
0|532902|
0|532903|
0|532904|
0|532905|
0|532906|
0|532907|
0|532908|
0|532909|
0|532910|
0|532911|
0|532912|
0|532913|
0|532914|
0|532915|
0|532916|
0|532917|
0|532918|
0|532919|
0|532920|
0|532921|
0|532922|
0|532923|
0|532924|
0|532925|
0|532926|
0|532927|
0|532928|
0|532929|
0|532930|
0|532931|
0|532932|
0|532933|
0|532934|
0|532935|
0|532936|
0|532937|
0|532938|
0|532939|
0|532940|
0|532941|
0|532942|
0|532943|
0|532944|
0|532945|
0|532946|
0|532947|
0|532948|
0|532949|
0|532950|
0|532951|
0|532952|
0|532953|
