0|214662|
0|214663|
0|214664|
0|214665|
0|214666|
0|214667|
0|214668|
0|214669|
0|214670|
0|214671|
0|214672|
0|214673|
0|214674|
0|214675|
0|214676|
0|214677|
0|214678|
0|214679|
0|214680|
0|214681|
0|214682|
0|214683|
0|214684|
0|214685|
0|214686|
0|214687|
0|214688|
0|214689|
0|214690|
0|214691|
0|214692|
0|214693|
0|214694|
0|214695|
0|214696|
0|214697|
0|214698|
0|214699|
0|214700|
0|214701|
0|214702|
0|214703|
0|214704|
0|214705|
0|214706|
0|214707|
0|214708|
0|214709|
0|214710|
0|214711|
