0|699827|
0|699831|
0|699835|
0|699839|
0|699843|
0|699847|
0|699851|
0|699855|
0|699859|
0|699863|
0|699867|
0|699871|
0|699875|
0|699879|
0|699883|
0|699887|
0|699891|
0|699895|
0|699899|
0|699903|
0|699907|
0|699911|
0|699915|
0|699919|
0|699923|
0|699927|
0|699931|
0|699935|
0|699939|
0|699943|
0|699947|
0|699951|
0|699955|
0|699959|
0|699963|
0|699967|
0|699971|
0|699975|
0|699978|
0|699981|
0|699984|
0|699987|
0|699990|
0|699993|
0|699996|
0|699999|
0|700002|
0|700005|
0|700008|
0|700011|
0|700014|
0|700017|
0|700021|
0|700025|
0|700029|
0|700032|
0|700034|
0|700036|
0|700038|
0|700040|
0|700042|
0|700044|
0|700046|
0|700047|
0|700048|
0|700049|
0|700050|
0|700051|
0|700052|
