0|471287|
0|471288|
0|471289|
0|471290|
0|471291|
0|471292|
0|471293|
0|471294|
0|471295|
0|471296|
0|471297|
0|471298|
0|471299|
0|471300|
0|471301|
0|471302|
0|471303|
0|471304|
0|471305|
0|471306|
0|471307|
0|471308|
0|471309|
0|471310|
0|471311|
0|471312|
0|471313|
0|471314|
0|471315|
0|471316|
0|471317|
0|471318|
0|471319|
0|471320|
0|471321|
0|471322|
0|471323|
0|471324|
0|471325|
0|471326|
0|471327|
0|471328|
0|471329|
0|471330|
0|471331|
0|471332|
0|471333|
0|471334|
0|471335|
0|471336|
0|471337|
