0|598467|
0|598468|
0|598469|
0|598470|
0|598471|
0|598472|
0|598474|
0|598475|
0|598476|
0|598477|
0|598478|
0|598479|
0|598480|
0|598481|
0|598482|
0|598483|
0|598484|
0|598485|
0|598486|
0|598487|
0|598488|
0|598489|
0|598490|
0|598491|
0|598492|
0|598493|
0|598494|
0|598495|
0|598496|
0|598497|
0|598498|
0|598499|
0|598500|
0|598501|
0|598502|
0|598503|
0|598504|
0|598505|
0|598506|
0|598507|
0|598508|
0|598509|
0|598510|
0|598511|
0|598512|
0|598513|
0|598514|
0|598515|
0|598516|
0|598517|
0|598518|
0|598519|
0|598520|
0|598521|
0|598522|
0|598523|
0|598524|
0|598525|
0|598526|
0|598527|
0|598528|
0|598529|
0|598530|
0|598531|
0|598532|
0|598533|
0|598534|
0|598535|
0|598536|
0|598537|
0|598538|
0|598539|
0|598540|
0|598541|
0|598542|
0|598543|
0|598544|
0|598545|
0|598546|
0|598547|
0|598548|
