0|595775|
0|595776|
0|595777|
0|595778|
0|595779|
0|595780|
0|595781|
0|595782|
0|595783|
0|595784|
0|595785|
0|595786|
0|595787|
0|595788|
0|595789|
0|595790|
0|595791|
0|595792|
0|595793|
0|595794|
0|595795|
0|595796|
0|595797|
0|595798|
0|595799|
0|595800|
0|595801|
0|595802|
0|595803|
0|595804|
0|595805|
0|595806|
0|595807|
0|595808|
0|595809|
0|595810|
0|595812|
0|595813|
0|595814|
0|595815|
0|595816|
0|595817|
0|595818|
0|595819|
0|595820|
0|595821|
0|595822|
0|595823|
0|595824|
0|595825|
0|595826|
0|595827|
0|595828|
0|595829|
0|595831|
0|595832|
0|595833|
0|595834|
0|595835|
0|595836|
0|595837|
0|595838|
0|595839|
0|595840|
0|595841|
0|595842|
0|595843|
0|595844|
0|595845|
0|595847|
0|595849|
0|595851|
0|595853|
0|595855|
0|595857|
0|595859|
0|595861|
0|595863|
0|595865|
0|595867|
0|595869|
