0|635344|
0|635345|
0|635346|
0|635347|
0|635348|
0|635349|
0|635350|
0|635351|
0|635352|
0|635353|
0|635354|
0|635355|
0|635356|
0|635357|
0|635358|
0|635359|
0|635360|
0|635361|
0|635362|
0|635363|
0|635364|
0|635365|
0|635366|
0|635367|
0|635368|
0|635369|
0|635370|
0|635371|
0|635372|
0|635373|
0|635374|
0|635375|
0|635376|
0|635377|
0|635378|
0|635379|
0|635380|
0|635381|
0|635382|
0|635383|
0|635384|
0|635385|
0|635386|
0|635387|
0|635388|
0|635389|
0|635390|
0|635391|
0|635392|
0|635393|
0|635394|
0|635395|
0|635396|
0|635397|
0|635398|
0|635399|
0|635400|
0|635401|
0|635402|
0|635403|
0|635404|
0|635405|
0|635406|
0|635407|
0|635408|
0|635409|
0|635410|
0|635411|
0|635412|
0|635413|
0|635414|
0|635415|
0|635416|
0|635417|
0|635418|
0|635419|
0|635420|
0|635421|
0|635422|
