0|202423|
0|202424|
0|202425|
0|202426|
0|202427|
0|202428|
0|202429|
0|202430|
0|202431|
0|202432|
0|202433|
0|202434|
0|202435|
0|202436|
0|202437|
0|202438|
0|202439|
0|202440|
0|202441|
0|202442|
0|202443|
0|202444|
0|202445|
0|202446|
0|202447|
0|202448|
0|202449|
0|202450|
0|202451|
0|202452|
0|202453|
0|202454|
0|202455|
0|202456|
0|202457|
0|202458|
0|202459|
0|202460|
0|202461|
0|202462|
0|202463|
0|202464|
0|202465|
0|202466|
0|202467|
0|202468|
0|202469|
0|202470|
0|202471|
0|202472|
0|202473|
0|202474|
0|202475|
0|202476|
0|202477|
0|202478|
0|202479|
0|202481|
0|202483|
0|202485|
0|202487|
0|202489|
0|202491|
0|202493|
0|202495|
0|202497|
0|202499|
0|202501|
0|202503|
0|202505|
0|202507|
0|202509|
0|202511|
0|202513|
0|202515|
0|202517|
0|202519|
0|202521|
0|202523|
0|202525|
0|202527|
0|202529|
0|202531|
0|202533|
0|202535|
0|202537|
0|202539|
0|202541|
0|202543|
0|202545|
0|202547|
0|202549|
0|202552|
0|202554|
0|202556|
0|202558|
0|202561|
0|202563|
0|202565|
0|202567|
