0|344121|
0|344122|
0|344123|
0|344124|
0|344125|
0|344126|
0|344127|
0|344128|
0|344129|
0|344130|
0|344131|
0|344132|
0|344133|
0|344134|
0|344135|
0|344136|
0|344137|
0|344138|
0|344139|
0|344140|
0|344141|
0|344142|
0|344143|
0|344144|
0|344145|
0|344146|
0|344147|
0|344149|
0|344150|
0|344151|
0|344152|
0|344153|
0|344154|
0|344155|
0|344156|
0|344157|
0|344158|
0|344159|
0|344160|
0|344161|
0|344162|
0|344163|
0|344164|
0|344165|
0|344166|
0|344167|
0|344168|
0|344169|
0|344170|
0|344171|
0|344172|
0|344173|
