0|70877|
0|70878|
0|70879|
0|70880|
0|70881|
0|70882|
0|70883|
0|70884|
0|70885|
0|70886|
0|70887|
0|70888|
0|70889|
0|70890|
0|70891|
0|70892|
0|70893|
0|70894|
0|70895|
0|70896|
0|70897|
0|70898|
0|70899|
0|70900|
0|70901|
0|70902|
0|70903|
0|70904|
0|70905|
0|70906|
0|70907|
0|70908|
0|70909|
0|70910|
0|70911|
0|70912|
0|70913|
0|70914|
0|70915|
0|70916|
0|70917|
0|70918|
0|70919|
0|70920|
0|70921|
0|70922|
0|70924|
0|70925|
0|70926|
0|70927|
0|70928|
0|70929|
0|70930|
0|70931|
0|70932|
0|70933|
