0|560520|
0|560521|
0|560522|
0|560523|
0|560524|
0|560525|
0|560526|
0|560527|
0|560528|
0|560529|
0|560530|
0|560531|
0|560532|
0|560533|
0|560534|
0|560535|
0|560536|
0|560537|
0|560538|
0|560539|
0|560540|
0|560541|
0|560542|
0|560543|
0|560544|
0|560545|
0|560546|
0|560547|
0|560548|
0|560549|
0|560550|
0|560551|
0|560552|
0|560553|
0|560554|
0|560555|
0|560556|
0|560557|
0|560558|
0|560559|
0|560560|
0|560561|
0|560562|
0|560563|
0|560564|
0|560565|
0|560566|
0|560567|
0|560568|
0|560569|
0|560570|
0|560571|
0|560572|
0|560573|
0|560574|
0|560575|
0|560576|
0|560577|
0|560578|
0|560579|
0|560580|
0|560581|
0|560582|
0|560583|
0|560584|
0|560585|
0|560586|
0|560587|
0|560588|
0|560589|
0|560590|
0|560591|
0|560592|
0|560593|
0|560594|
0|560595|
0|560596|
0|560597|
0|560598|
0|560599|
0|560600|
0|560601|
0|560602|
0|560603|
0|560604|
0|560605|
0|560606|
0|560607|
0|560608|
0|560609|
0|560610|
0|560611|
0|560612|
0|560613|
0|560614|
0|560615|
