0|335328|
0|335329|
0|335330|
0|335331|
0|335332|
0|335333|
0|335334|
0|335335|
0|335336|
0|335337|
0|335338|
0|335339|
0|335340|
0|335341|
0|335342|
0|335343|
0|335344|
0|335345|
0|335346|
0|335347|
0|335348|
0|335349|
0|335350|
0|335351|
0|335352|
0|335353|
0|335354|
0|335355|
0|335356|
0|335357|
0|335358|
0|335359|
0|335360|
0|335361|
0|335362|
0|335363|
0|335364|
0|335365|
0|335366|
0|335367|
0|335368|
0|335369|
0|335370|
0|335371|
0|335372|
0|335373|
0|335374|
0|335375|
0|335376|
0|335377|
0|335378|
0|335379|
0|335380|
0|335381|
0|335382|
0|335383|
0|335384|
0|335385|
0|335386|
0|335387|
0|335388|
0|335389|
0|335390|
0|335391|
0|335392|
0|335393|
0|335394|
0|335395|
0|335396|
0|335397|
0|335398|
0|335399|
0|335400|
0|335401|
0|335402|
0|335403|
0|335404|
0|335405|
0|335406|
0|335407|
0|335408|
0|335409|
0|335410|
0|335411|
0|335412|
0|335413|
0|335414|
0|335415|
0|335416|
0|335417|
0|335418|
0|335419|
0|335420|
0|335421|
0|335422|
0|335423|
0|335424|
0|335425|
0|335426|
0|335427|
