0|348521|
0|348522|
0|348523|
0|348524|
0|348525|
0|348526|
0|348527|
0|348528|
0|348529|
0|348530|
0|348531|
0|348532|
0|348533|
0|348534|
0|348535|
0|348536|
0|348537|
0|348538|
0|348539|
0|348540|
0|348541|
0|348542|
0|348543|
0|348544|
0|348545|
0|348546|
0|348547|
0|348548|
0|348549|
0|348550|
0|348551|
0|348552|
0|348553|
0|348554|
0|348555|
0|348556|
0|348557|
0|348558|
0|348559|
0|348560|
0|348561|
0|348562|
0|348563|
0|348564|
0|348565|
0|348566|
0|348567|
0|348568|
0|348569|
0|348570|
0|348571|
0|348572|
0|348573|
0|348574|
0|348575|
0|348576|
0|348578|
0|348580|
0|348581|
0|348582|
0|348583|
