0|105873|
0|105874|
0|105875|
0|105876|
0|105878|
0|105879|
0|105880|
0|105881|
0|105882|
0|105883|
0|105884|
0|105885|
0|105886|
0|105887|
0|105888|
0|105889|
0|105890|
0|105891|
0|105892|
0|105893|
0|105894|
0|105895|
0|105896|
0|105897|
0|105898|
0|105899|
0|105900|
0|105901|
0|105902|
0|105903|
0|105904|
0|105905|
0|105906|
0|105907|
0|105908|
0|105909|
0|105910|
0|105911|
0|105912|
0|105913|
0|105914|
0|105915|
0|105916|
0|105917|
0|105918|
0|105919|
0|105920|
0|105921|
0|105922|
0|105923|
0|105924|
0|105925|
0|105926|
0|105927|
0|105928|
0|105929|
0|105930|
0|105931|
0|105932|
0|105933|
0|105934|
0|105935|
0|105936|
0|105937|
0|105938|
0|105939|
0|105940|
