0|340810|
0|340811|
0|340812|
0|340813|
0|340814|
0|340815|
0|340816|
0|340817|
0|340818|
0|340819|
0|340820|
0|340821|
0|340822|
0|340823|
0|340824|
0|340825|
0|340826|
0|340827|
0|340828|
0|340829|
0|340830|
0|340831|
0|340832|
0|340833|
0|340834|
0|340835|
0|340836|
0|340837|
0|340838|
0|340839|
0|340840|
0|340841|
0|340842|
0|340843|
0|340844|
0|340845|
0|340846|
0|340847|
0|340848|
0|340849|
0|340850|
0|340851|
0|340852|
0|340853|
0|340854|
0|340855|
0|340856|
0|340857|
0|340858|
0|340859|
0|340860|
0|340861|
0|340862|
0|340863|
0|340864|
0|340865|
0|340866|
0|340867|
0|340868|
0|340869|
0|340870|
0|340871|
0|340872|
0|340873|
0|340874|
0|340875|
0|340876|
0|340877|
0|340878|
0|340879|
0|340880|
0|340881|
0|340882|
0|340883|
0|340884|
