0|521717|
0|521718|
0|521719|
0|521720|
0|521721|
0|521722|
0|521723|
0|521724|
0|521725|
0|521726|
0|521727|
0|521728|
0|521729|
0|521730|
0|521731|
0|521732|
0|521733|
0|521734|
0|521735|
0|521736|
0|521737|
0|521738|
0|521739|
0|521740|
0|521741|
0|521742|
0|521743|
0|521744|
0|521745|
0|521746|
0|521747|
0|521748|
0|521749|
0|521750|
0|521751|
0|521752|
0|521753|
0|521754|
0|521755|
0|521756|
0|521757|
0|521758|
0|521759|
0|521760|
0|521761|
0|521762|
0|521763|
0|521764|
0|521765|
0|521766|
0|521767|
0|521768|
0|521769|
0|521770|
0|521771|
