0|241262|
0|241263|
0|241264|
0|241265|
0|241266|
0|241267|
0|241268|
0|241269|
0|241270|
0|241271|
0|241272|
0|241273|
0|241274|
0|241275|
0|241276|
0|241277|
0|241278|
0|241279|
0|241280|
0|241281|
0|241282|
0|241283|
0|241284|
0|241285|
0|241286|
0|241287|
0|241288|
0|241290|
0|241292|
0|241293|
0|241294|
0|241295|
0|241296|
0|241297|
0|241298|
0|241299|
0|241300|
0|241301|
0|241302|
0|241303|
0|241304|
0|241305|
0|241306|
0|241307|
0|241308|
0|241309|
0|241310|
0|241311|
0|241312|
0|241313|
0|241314|
