0|256179|
0|256180|
0|256181|
0|256182|
0|256183|
0|256184|
0|256185|
0|256186|
0|256187|
0|256188|
0|256189|
0|256190|
0|256191|
0|256192|
0|256193|
0|256194|
0|256195|
0|256196|
0|256197|
0|256198|
0|256199|
0|256200|
0|256201|
0|256202|
0|256203|
0|256204|
0|256205|
0|256206|
0|256207|
0|256208|
0|256209|
0|256210|
0|256211|
0|256212|
0|256213|
0|256214|
0|256215|
0|256216|
0|256217|
0|256218|
0|256219|
0|256220|
0|256221|
0|256222|
0|256223|
0|256224|
0|256225|
0|256226|
0|256227|
0|256228|
0|256229|
0|256230|
0|256231|
0|256232|
0|256233|
0|256234|
0|256235|
0|256236|
0|256237|
0|256238|
0|256239|
0|256240|
0|256241|
0|256242|
0|256243|
0|256244|
0|256245|
0|256246|
0|256247|
0|256248|
0|256249|
0|256250|
0|256251|
0|256252|
0|256253|
0|256254|
0|256255|
0|256256|
0|256257|
0|256258|
0|256259|
0|256260|
0|256261|
0|256262|
0|256263|
0|256264|
0|256265|
0|256266|
0|256267|
0|256268|
0|256269|
0|256270|
0|256271|
0|256272|
0|256273|
0|256274|
