0|150701|
0|150702|
0|150703|
0|150704|
0|150705|
0|150706|
0|150707|
0|150708|
0|150709|
0|150710|
0|150711|
0|150712|
0|150713|
0|150714|
0|150715|
0|150716|
0|150717|
0|150718|
0|150719|
0|150720|
0|150721|
0|150722|
0|150723|
0|150724|
0|150725|
0|150726|
0|150727|
0|150728|
0|150729|
0|150730|
0|150731|
0|150732|
0|150733|
0|150734|
0|150735|
0|150736|
0|150737|
0|150738|
0|150739|
0|150740|
0|150741|
0|150742|
0|150743|
0|150744|
0|150745|
0|150746|
0|150748|
0|150749|
0|150750|
0|150751|
