0|615707|
0|615708|
0|615709|
0|615710|
0|615711|
0|615712|
0|615713|
0|615714|
0|615715|
0|615716|
0|615717|
0|615718|
0|615719|
0|615720|
0|615721|
0|615722|
0|615723|
0|615724|
0|615725|
0|615726|
0|615727|
0|615728|
0|615729|
0|615730|
0|615731|
0|615732|
0|615733|
0|615734|
0|615735|
0|615736|
0|615737|
0|615738|
0|615739|
0|615740|
0|615741|
0|615742|
0|615743|
0|615744|
0|615745|
0|615746|
0|615747|
0|615748|
0|615749|
0|615750|
0|615751|
0|615752|
0|615753|
0|615754|
0|615755|
0|615756|
0|615757|
0|615758|
0|615759|
0|615760|
0|615761|
