0|366529|
0|366530|
0|366531|
0|366532|
0|366533|
0|366534|
0|366535|
0|366536|
0|366537|
0|366538|
0|366539|
0|366540|
0|366541|
0|366542|
0|366543|
0|366544|
0|366545|
0|366546|
0|366547|
0|366548|
0|366549|
0|366550|
0|366551|
0|366552|
0|366553|
0|366554|
0|366555|
0|366556|
0|366557|
0|366558|
0|366559|
0|366560|
0|366561|
0|366562|
0|366563|
0|366564|
0|366565|
0|366566|
0|366567|
0|366568|
0|366569|
0|366570|
0|366571|
0|366572|
0|366573|
0|366574|
0|366575|
0|366576|
0|366577|
0|366578|
0|366579|
0|366580|
0|366581|
