0|675989|
0|675990|
0|675991|
0|675992|
0|675993|
0|675994|
0|675995|
0|675996|
0|675997|
0|675998|
0|675999|
0|676000|
0|676001|
0|676002|
0|676003|
0|676004|
0|676005|
0|676006|
0|676007|
0|676008|
0|676009|
0|676010|
0|676011|
0|676012|
0|676013|
0|676016|
0|676018|
0|676020|
0|676022|
0|676024|
0|676026|
0|676027|
0|676028|
0|676029|
0|676030|
0|676031|
0|676032|
0|676033|
0|676034|
0|676035|
0|676036|
0|676037|
0|676038|
0|676039|
0|676040|
0|676041|
0|676042|
0|676043|
0|676044|
0|676045|
0|676046|
0|676047|
0|676048|
0|676049|
0|676050|
0|676051|
0|676052|
0|676053|
0|676054|
0|676055|
0|676056|
0|676057|
0|676058|
0|676059|
0|676060|
0|676061|
0|676062|
0|676063|
0|676064|
0|676065|
0|676066|
