0|451676|
0|451677|
0|451678|
0|451679|
0|451680|
0|451681|
0|451682|
0|451683|
0|451684|
0|451685|
0|451686|
0|451687|
0|451688|
0|451689|
0|451690|
0|451691|
0|451692|
0|451693|
0|451694|
0|451695|
0|451696|
0|451697|
0|451698|
0|451699|
0|451700|
0|451701|
0|451702|
0|451703|
0|451704|
0|451705|
0|451706|
0|451707|
0|451708|
0|451709|
0|451710|
0|451711|
0|451712|
0|451713|
0|451714|
0|451715|
0|451716|
0|451717|
0|451718|
0|451719|
0|451720|
0|451721|
0|451722|
0|451723|
0|451724|
0|451725|
0|451726|
0|451727|
0|451728|
0|451729|
0|451730|
0|451731|
0|451732|
0|451733|
0|451734|
0|451735|
0|451736|
