0|161981|
0|161982|
0|161983|
0|161984|
0|161985|
0|161986|
0|161987|
0|161988|
0|161989|
0|161990|
0|161991|
0|161992|
0|161993|
0|161994|
0|161995|
0|161996|
0|161997|
0|161998|
0|161999|
0|162000|
0|162001|
0|162002|
0|162003|
0|162004|
0|162005|
0|162006|
0|162007|
0|162008|
0|162009|
0|162010|
0|162011|
0|162012|
0|162013|
0|162014|
0|162015|
0|162016|
0|162017|
0|162018|
0|162019|
0|162020|
0|162021|
0|162022|
0|162023|
0|162024|
0|162025|
0|162026|
0|162027|
0|162028|
0|162029|
0|162030|
0|162031|
0|162032|
0|162033|
0|162034|
0|162035|
0|162036|
0|162037|
0|162038|
0|162039|
0|162040|
0|162041|
0|162042|
0|162043|
0|162044|
0|162045|
0|162046|
0|162047|
0|162048|
0|162049|
0|162050|
0|162051|
0|162052|
0|162053|
0|162054|
0|162055|
0|162056|
0|162057|
0|162058|
0|162059|
0|162060|
0|162061|
0|162062|
0|162063|
0|162064|
0|162065|
0|162066|
0|162067|
0|162068|
0|162069|
0|162070|
0|162071|
0|162072|
0|162073|
0|162074|
0|162075|
0|162076|
0|162077|
0|162078|
0|162079|
0|162080|
