0|547095|
0|547096|
0|547097|
0|547098|
0|547099|
0|547100|
0|547101|
0|547102|
0|547103|
0|547104|
0|547105|
0|547106|
0|547107|
0|547108|
0|547109|
0|547110|
0|547111|
0|547112|
0|547113|
0|547114|
0|547115|
0|547116|
0|547117|
0|547118|
0|547119|
0|547120|
0|547121|
0|547122|
0|547123|
0|547124|
0|547125|
0|547126|
0|547127|
0|547128|
0|547129|
0|547130|
0|547131|
0|547132|
0|547133|
0|547134|
0|547135|
0|547136|
0|547137|
0|547138|
0|547139|
0|547140|
0|547141|
0|547142|
0|547143|
0|547144|
0|547145|
0|547146|
