0|633156|
0|633157|
0|633158|
0|633159|
0|633160|
0|633161|
0|633162|
0|633163|
0|633164|
0|633165|
0|633166|
0|633167|
0|633168|
0|633169|
0|633170|
0|633171|
0|633172|
0|633173|
0|633174|
0|633175|
0|633176|
0|633177|
0|633178|
0|633179|
0|633180|
0|633181|
0|633182|
0|633183|
0|633184|
0|633185|
0|633186|
0|633187|
0|633188|
0|633189|
0|633190|
0|633191|
0|633192|
0|633193|
0|633194|
0|633195|
0|633196|
0|633197|
0|633198|
0|633199|
0|633200|
0|633201|
0|633202|
0|633203|
0|633204|
0|633205|
0|633206|
0|633207|
0|633208|
