0|405532|
0|405533|
0|405534|
0|405535|
0|405536|
0|405537|
0|405538|
0|405539|
0|405540|
0|405541|
0|405542|
0|405543|
0|405544|
0|405545|
0|405546|
0|405547|
0|405548|
0|405549|
0|405550|
0|405551|
0|405552|
0|405553|
0|405554|
0|405555|
0|405556|
0|405557|
0|405558|
0|405559|
0|405560|
0|405561|
0|405562|
0|405563|
0|405564|
0|405565|
0|405566|
0|405567|
0|405568|
0|405569|
0|405570|
0|405571|
0|405572|
0|405573|
0|405575|
0|405577|
0|405579|
0|405581|
0|405583|
0|405585|
0|405587|
0|405589|
0|405591|
0|405593|
0|405595|
0|405596|
