0|566753|
0|566754|
0|566755|
0|566756|
0|566757|
0|566758|
0|566759|
0|566760|
0|566761|
0|566762|
0|566763|
0|566764|
0|566765|
0|566766|
0|566767|
0|566768|
0|566769|
0|566770|
0|566771|
0|566772|
0|566773|
0|566774|
0|566775|
0|566776|
0|566777|
0|566778|
0|566779|
0|566780|
0|566781|
0|566782|
0|566783|
0|566784|
0|566785|
0|566786|
0|566787|
0|566788|
0|566789|
0|566790|
0|566791|
0|566792|
0|566793|
0|566794|
0|566795|
0|566796|
0|566797|
0|566798|
0|566799|
0|566800|
0|566801|
0|566802|
0|566803|
0|566804|
0|566805|
0|566806|
0|566807|
0|566808|
0|566809|
0|566810|
0|566811|
0|566812|
0|566813|
0|566814|
0|566815|
0|566816|
0|566817|
0|566818|
