0|598231|
0|598232|
0|598233|
0|598234|
0|598235|
0|598236|
0|598237|
0|598238|
0|598239|
0|598240|
0|598241|
0|598242|
0|598243|
0|598244|
0|598245|
0|598246|
0|598247|
0|598248|
0|598249|
0|598250|
0|598251|
0|598252|
0|598253|
0|598254|
0|598255|
0|598256|
0|598257|
0|598258|
0|598259|
0|598260|
0|598261|
0|598262|
0|598263|
0|598264|
0|598265|
0|598266|
0|598267|
0|598268|
0|598269|
0|598270|
0|598271|
0|598272|
0|598273|
0|598274|
0|598275|
0|598276|
0|598277|
0|598278|
0|598279|
0|598280|
0|598281|
0|598282|
0|598283|
0|598284|
0|598285|
0|598286|
0|598287|
0|598288|
0|598289|
0|598290|
0|598291|
0|598292|
0|598293|
0|598294|
0|598295|
0|598296|
0|598297|
0|598298|
0|598299|
0|598300|
0|598301|
0|598302|
0|598303|
0|598304|
0|598305|
0|598306|
0|598307|
0|598308|
0|598309|
0|598310|
0|598311|
