0|162258|
0|162259|
0|162260|
0|162261|
0|162262|
0|162263|
0|162264|
0|162265|
0|162266|
0|162267|
0|162268|
0|162269|
0|162270|
0|162271|
0|162272|
0|162273|
0|162274|
0|162275|
0|162276|
0|162277|
0|162278|
0|162279|
0|162280|
0|162281|
0|162282|
0|162283|
0|162284|
0|162285|
0|162286|
0|162287|
0|162288|
0|162289|
0|162290|
0|162291|
0|162292|
0|162293|
0|162294|
0|162295|
0|162296|
0|162297|
0|162298|
0|162299|
0|162300|
0|162301|
0|162302|
0|162303|
0|162304|
0|162305|
0|162306|
0|162307|
0|162308|
