0|456480|
0|456481|
0|456482|
0|456483|
0|456484|
0|456485|
0|456486|
0|456487|
0|456489|
0|456490|
0|456491|
0|456492|
0|456493|
0|456494|
0|456495|
0|456496|
0|456497|
0|456498|
0|456499|
0|456500|
0|456501|
0|456502|
0|456503|
0|456504|
0|456505|
0|456506|
0|456507|
0|456508|
0|456509|
0|456510|
0|456511|
0|456512|
0|456513|
0|456514|
0|456515|
0|456516|
0|456517|
0|456518|
0|456519|
0|456520|
0|456521|
0|456522|
0|456523|
0|456524|
0|456525|
0|456526|
0|456527|
0|456528|
0|456529|
0|456530|
0|456531|
0|456532|
0|456533|
0|456534|
0|456535|
0|456536|
0|456537|
0|456538|
0|456539|
0|456540|
0|456541|
0|456542|
0|456543|
0|456544|
