0|184619|
0|184620|
0|184621|
0|184622|
0|184623|
0|184624|
0|184625|
0|184626|
0|184627|
0|184628|
0|184629|
0|184630|
0|184631|
0|184632|
0|184633|
0|184634|
0|184635|
0|184636|
0|184637|
0|184638|
0|184639|
0|184640|
0|184641|
0|184642|
0|184643|
0|184644|
0|184645|
0|184646|
0|184647|
0|184648|
0|184649|
0|184650|
0|184651|
0|184652|
0|184653|
0|184654|
0|184655|
0|184656|
0|184657|
0|184658|
0|184659|
0|184660|
0|184661|
0|184662|
0|184663|
0|184664|
0|184665|
0|184666|
0|184667|
0|184668|
0|184669|
0|184670|
0|184671|
0|184672|
0|184673|
0|184674|
0|184675|
0|184676|
0|184677|
0|184678|
0|184679|
0|184680|
0|184681|
0|184682|
0|184683|
0|184684|
