0|306400|
0|306401|
0|306402|
0|306403|
0|306404|
0|306405|
0|306406|
0|306407|
0|306408|
0|306409|
0|306410|
0|306411|
0|306412|
0|306413|
0|306414|
0|306415|
0|306416|
0|306417|
0|306418|
0|306419|
0|306420|
0|306421|
0|306422|
0|306423|
0|306424|
0|306425|
0|306426|
0|306427|
0|306428|
0|306429|
0|306430|
0|306431|
0|306432|
0|306433|
0|306434|
0|306435|
0|306436|
0|306437|
0|306438|
0|306439|
0|306440|
0|306441|
0|306442|
0|306443|
0|306444|
0|306445|
0|306446|
0|306447|
0|306448|
0|306449|
0|306450|
0|306451|
0|306452|
0|306453|
0|306454|
0|306455|
0|306456|
0|306457|
0|306458|
0|306459|
