0|675296|
0|675297|
0|675298|
0|675299|
0|675300|
0|675301|
0|675302|
0|675303|
0|675304|
0|675305|
0|675306|
0|675307|
0|675308|
0|675309|
0|675310|
0|675311|
0|675312|
0|675313|
0|675314|
0|675315|
0|675316|
0|675317|
0|675318|
0|675319|
0|675320|
0|675321|
0|675322|
0|675323|
0|675324|
0|675325|
0|675326|
0|675327|
0|675328|
0|675329|
0|675330|
0|675331|
0|675332|
0|675333|
0|675334|
0|675335|
0|675336|
0|675337|
0|675338|
0|675339|
0|675340|
0|675341|
0|675342|
0|675343|
0|675344|
0|675345|
0|675346|
0|675347|
