0|599232|
0|599233|
0|599234|
0|599235|
0|599236|
0|599237|
0|599238|
0|599239|
0|599240|
0|599241|
0|599242|
0|599243|
0|599244|
0|599245|
0|599246|
0|599247|
0|599248|
0|599249|
0|599250|
0|599251|
0|599252|
0|599253|
0|599254|
0|599255|
0|599256|
0|599257|
0|599258|
0|599259|
0|599260|
0|599261|
0|599262|
0|599263|
0|599264|
0|599265|
0|599266|
0|599267|
0|599268|
0|599269|
0|599270|
0|599271|
0|599272|
0|599273|
0|599274|
0|599275|
0|599276|
0|599277|
0|599278|
0|599279|
0|599280|
0|599281|
0|599282|
0|599283|
0|599284|
0|599285|
0|599286|
0|599287|
0|599288|
0|599289|
0|599290|
0|599291|
0|599292|
0|599294|
0|599295|
0|599296|
0|599297|
0|599298|
0|599299|
0|599300|
0|599301|
0|599302|
0|599303|
0|599304|
0|599305|
0|599306|
0|599307|
0|599308|
0|599309|
0|599310|
0|599311|
0|599312|
0|599313|
