0|218288|
0|218289|
0|218290|
0|218291|
0|218292|
0|218293|
0|218294|
0|218295|
0|218296|
0|218297|
0|218298|
0|218299|
0|218300|
0|218301|
0|218302|
0|218303|
0|218304|
0|218305|
0|218306|
0|218307|
0|218308|
0|218309|
0|218310|
0|218311|
0|218312|
0|218313|
0|218314|
0|218315|
0|218316|
0|218317|
0|218318|
0|218319|
0|218320|
0|218321|
0|218322|
0|218323|
0|218324|
0|218325|
0|218327|
0|218329|
0|218330|
0|218331|
0|218332|
0|218333|
0|218334|
0|218335|
0|218336|
0|218337|
0|218338|
0|218339|
0|218340|
0|218341|
0|218342|
0|218343|
0|218344|
0|218345|
0|218346|
0|218347|
0|218348|
0|218349|
0|218350|
0|218351|
0|218352|
0|218353|
0|218354|
0|218355|
0|218356|
0|218357|
0|218358|
0|218359|
0|218360|
0|218361|
0|218362|
0|218363|
0|218364|
0|218365|
0|218366|
0|218367|
0|218368|
0|218369|
0|218370|
0|218371|
0|218372|
0|218373|
0|218374|
0|218375|
0|218376|
0|218377|
0|218378|
0|218379|
0|218381|
0|218383|
0|218385|
0|218386|
0|218387|
0|218388|
0|218389|
0|218390|
0|218391|
