0|683330|
0|683331|
0|683332|
0|683333|
0|683334|
0|683335|
0|683336|
0|683337|
0|683338|
0|683339|
0|683340|
0|683341|
0|683342|
0|683343|
0|683344|
0|683345|
0|683346|
0|683347|
0|683348|
0|683349|
0|683350|
0|683351|
0|683352|
0|683353|
0|683354|
0|683355|
0|683356|
0|683357|
0|683358|
0|683359|
0|683360|
0|683361|
0|683362|
0|683363|
0|683364|
0|683365|
0|683366|
0|683367|
0|683368|
0|683369|
0|683370|
0|683371|
0|683372|
0|683373|
0|683374|
0|683375|
0|683376|
0|683377|
0|683378|
0|683379|
0|683380|
0|683381|
0|683382|
0|683383|
0|683384|
0|683385|
0|683386|
0|683387|
0|683388|
0|683389|
0|683390|
0|683391|
0|683392|
0|683393|
0|683394|
0|683395|
0|683396|
0|683397|
0|683398|
0|683399|
0|683400|
0|683401|
0|683402|
0|683403|
0|683404|
0|683405|
0|683406|
0|683407|
0|683408|
0|683409|
0|683410|
0|683411|
0|683412|
0|683413|
0|683414|
0|683415|
0|683416|
0|683417|
0|683418|
0|683419|
0|683420|
0|683421|
0|683422|
0|683423|
0|683424|
0|683425|
0|683426|
0|683427|
0|683428|
0|683429|
0|683430|
0|683431|
0|683432|
