0|417412|
0|417413|
0|417414|
0|417415|
0|417416|
0|417417|
0|417418|
0|417419|
0|417420|
0|417421|
0|417422|
0|417423|
0|417424|
0|417425|
0|417426|
0|417427|
0|417428|
0|417429|
0|417430|
0|417431|
0|417432|
0|417433|
0|417434|
0|417435|
0|417436|
0|417437|
0|417440|
0|417441|
0|417442|
0|417443|
0|417444|
0|417445|
0|417446|
0|417447|
0|417448|
0|417449|
0|417450|
0|417451|
0|417452|
0|417453|
0|417454|
0|417455|
0|417456|
0|417457|
0|417458|
0|417459|
0|417460|
0|417461|
0|417462|
0|417463|
0|417464|
0|417465|
0|417466|
0|417467|
0|417468|
0|417469|
0|417470|
0|417471|
0|417472|
0|417473|
0|417474|
0|417475|
0|417476|
0|417477|
0|417478|
0|417479|
0|417480|
0|417481|
0|417482|
0|417483|
0|417485|
0|417487|
0|417488|
