0|164875|
0|164876|
0|164877|
0|164878|
0|164879|
0|164880|
0|164881|
0|164882|
0|164883|
0|164884|
0|164885|
0|164886|
0|164887|
0|164888|
0|164889|
0|164890|
0|164891|
0|164892|
0|164893|
0|164894|
0|164895|
0|164896|
0|164897|
0|164898|
0|164899|
0|164900|
0|164901|
0|164902|
0|164903|
0|164904|
0|164905|
0|164906|
0|164907|
0|164908|
0|164909|
0|164910|
0|164911|
0|164912|
0|164913|
0|164914|
0|164915|
0|164916|
0|164917|
0|164918|
0|164919|
0|164920|
0|164921|
0|164922|
0|164923|
0|164924|
0|164925|
0|164926|
0|164927|
0|164928|
0|164929|
