0|709612|
0|709613|
0|709614|
0|709615|
0|709616|
0|709617|
0|709618|
0|709619|
0|709620|
0|709621|
0|709622|
0|709623|
0|709624|
0|709625|
0|709626|
0|709627|
0|709628|
0|709629|
0|709630|
0|709631|
0|709632|
0|709633|
0|709634|
0|709635|
0|709636|
0|709637|
0|709638|
0|709639|
0|709640|
0|709641|
0|709642|
0|709643|
0|709644|
0|709645|
0|709646|
0|709647|
0|709648|
0|709649|
0|709650|
0|709651|
0|709652|
0|709653|
0|709654|
0|709655|
0|709656|
0|709657|
0|709658|
0|709659|
0|709660|
0|709661|
0|709662|
0|709663|
0|709664|
0|709665|
0|709666|
0|709667|
0|709668|
0|709669|
0|709670|
0|709671|
0|709672|
0|709673|
0|709674|
0|709675|
0|709676|
