0|589554|
0|589555|
0|589556|
0|589557|
0|589558|
0|589559|
0|589560|
0|589561|
0|589562|
0|589563|
0|589564|
0|589565|
0|589566|
0|589567|
0|589568|
0|589569|
0|589570|
0|589571|
0|589572|
0|589573|
0|589574|
0|589575|
0|589576|
0|589577|
0|589578|
0|589579|
0|589580|
0|589581|
0|589582|
0|589583|
0|589584|
0|589585|
0|589586|
0|589587|
0|589588|
0|589589|
0|589590|
0|589591|
0|589592|
0|589593|
0|589594|
0|589595|
0|589596|
0|589597|
0|589598|
0|589599|
0|589600|
0|589601|
0|589602|
0|589603|
0|589604|
0|589605|
0|589606|
0|589607|
0|589608|
0|589609|
0|589610|
0|589611|
0|589612|
0|589613|
0|589614|
0|589615|
0|589616|
0|589617|
0|589618|
0|589619|
0|589620|
0|589621|
0|589622|
0|589623|
0|589624|
0|589625|
0|589626|
0|589627|
0|589628|
0|589629|
0|589630|
0|589631|
0|589632|
0|589633|
0|589634|
0|589635|
0|589636|
0|589637|
0|589638|
0|589639|
0|589640|
0|589641|
