0|70167|
0|70168|
0|70169|
0|70170|
0|70171|
0|70172|
0|70173|
0|70174|
0|70175|
0|70176|
0|70177|
0|70178|
0|70179|
0|70180|
0|70181|
0|70182|
0|70183|
0|70184|
0|70185|
0|70186|
0|70187|
0|70188|
0|70189|
0|70190|
0|70191|
0|70192|
0|70193|
0|70194|
0|70195|
0|70196|
0|70197|
0|70198|
0|70199|
0|70200|
0|70201|
0|70202|
0|70203|
0|70204|
0|70205|
0|70206|
0|70207|
0|70208|
0|70209|
0|70210|
0|70211|
0|70212|
0|70213|
0|70214|
0|70215|
0|70216|
0|70217|
0|70218|
0|70219|
0|70220|
0|70221|
0|70222|
0|70223|
0|70224|
0|70225|
0|70226|
0|70227|
0|70228|
0|70229|
0|70230|
0|70231|
