0|730869|
0|730870|
0|730871|
0|730872|
0|730873|
0|730874|
0|730875|
0|730876|
0|730877|
0|730878|
0|730879|
0|730880|
0|730881|
0|730882|
0|730883|
0|730884|
0|730885|
0|730886|
0|730887|
0|730888|
0|730889|
0|730890|
0|730891|
0|730892|
0|730893|
0|730894|
0|730895|
0|730896|
0|730897|
0|730898|
0|730899|
0|730900|
0|730901|
0|730902|
0|730903|
0|730904|
0|730905|
0|730906|
0|730907|
0|730908|
0|730909|
0|730910|
0|730911|
0|730912|
0|730913|
0|730914|
0|730915|
0|730916|
0|730917|
0|730918|
0|730919|
0|730920|
0|730921|
0|730922|
0|730923|
0|730924|
0|730925|
0|730926|
0|730927|
0|730928|
0|730929|
0|730930|
0|730931|
0|730932|
0|730933|
0|730934|
0|730935|
