0|598903|
0|598904|
0|598905|
0|598906|
0|598907|
0|598908|
0|598909|
0|598910|
0|598911|
0|598912|
0|598913|
0|598914|
0|598915|
0|598916|
0|598917|
0|598918|
0|598919|
0|598920|
0|598921|
0|598922|
0|598923|
0|598924|
0|598926|
0|598927|
0|598928|
0|598929|
0|598930|
0|598931|
0|598932|
0|598933|
0|598934|
0|598935|
0|598936|
0|598937|
0|598938|
0|598939|
0|598940|
0|598941|
0|598942|
0|598943|
0|598944|
0|598945|
0|598946|
0|598947|
0|598948|
0|598949|
0|598950|
0|598951|
0|598952|
0|598953|
0|598954|
0|598955|
0|598956|
0|598957|
0|598958|
0|598959|
0|598960|
0|598961|
0|598962|
0|598963|
0|598964|
0|598965|
0|598966|
0|598967|
0|598969|
0|598971|
0|598973|
0|598975|
0|598977|
0|598979|
0|598981|
0|598983|
0|598985|
0|598987|
0|598989|
0|598991|
0|598993|
0|598995|
0|598997|
0|598999|
0|599001|
