0|326078|
0|326079|
0|326080|
0|326081|
0|326082|
0|326083|
0|326084|
0|326085|
0|326086|
0|326087|
0|326088|
0|326089|
0|326090|
0|326091|
0|326092|
0|326093|
0|326094|
0|326095|
0|326096|
0|326097|
0|326098|
0|326099|
0|326100|
0|326101|
0|326102|
0|326103|
0|326104|
0|326105|
0|326106|
0|326107|
0|326108|
0|326109|
0|326110|
0|326111|
0|326112|
0|326113|
0|326114|
0|326115|
0|326116|
0|326117|
0|326118|
0|326119|
0|326120|
0|326121|
0|326122|
0|326123|
0|326124|
0|326125|
0|326126|
0|326127|
0|326128|
0|326129|
0|326130|
0|326131|
0|326132|
0|326133|
0|326134|
0|326135|
0|326136|
0|326137|
0|326138|
0|326139|
0|326140|
0|326141|
0|326142|
0|326143|
0|326144|
0|326145|
