0|663393|
0|663394|
0|663395|
0|663396|
0|663397|
0|663398|
0|663399|
0|663400|
0|663401|
0|663402|
0|663403|
0|663404|
0|663405|
0|663406|
0|663407|
0|663408|
0|663409|
0|663410|
0|663411|
0|663412|
0|663413|
0|663414|
0|663415|
0|663416|
0|663417|
0|663418|
0|663419|
0|663420|
0|663421|
0|663422|
0|663423|
0|663424|
0|663425|
0|663426|
0|663427|
0|663428|
0|663429|
0|663430|
0|663431|
0|663432|
0|663433|
0|663434|
0|663435|
0|663436|
0|663437|
0|663438|
0|663439|
0|663440|
0|663441|
0|663442|
0|663443|
0|663444|
0|663445|
0|663446|
0|663447|
0|663448|
0|663449|
0|663450|
0|663451|
0|663452|
0|663453|
0|663454|
0|663455|
0|663456|
0|663457|
0|663458|
0|663459|
0|663460|
0|663461|
0|663462|
0|663463|
0|663464|
0|663465|
0|663466|
0|663467|
0|663468|
0|663469|
0|663470|
0|663471|
0|663472|
0|663473|
