0|504921|
0|504922|
0|504923|
0|504924|
0|504925|
0|504926|
0|504927|
0|504928|
0|504929|
0|504930|
0|504931|
0|504932|
0|504933|
0|504934|
0|504935|
0|504936|
0|504937|
0|504939|
0|504940|
0|504941|
0|504942|
0|504943|
0|504944|
0|504945|
0|504946|
0|504947|
0|504948|
0|504949|
0|504950|
0|504951|
0|504952|
0|504953|
0|504954|
0|504955|
0|504956|
0|504957|
0|504958|
0|504959|
0|504960|
0|504961|
0|504962|
0|504963|
0|504964|
0|504965|
0|504966|
0|504967|
0|504968|
0|504969|
0|504970|
0|504971|
0|504972|
0|504973|
0|504974|
0|504975|
0|504976|
0|504977|
0|504978|
0|504979|
0|504980|
0|504981|
0|504982|
0|504983|
0|504984|
0|504985|
0|504986|
0|504987|
0|504988|
0|504989|
0|504990|
0|504991|
0|504992|
0|504993|
0|504994|
0|504995|
0|504996|
0|504997|
0|504998|
0|504999|
0|505000|
