0|234746|
0|234747|
0|234748|
0|234749|
0|234750|
0|234751|
0|234752|
0|234753|
0|234754|
0|234755|
0|234756|
0|234757|
0|234758|
0|234759|
0|234760|
0|234761|
0|234762|
0|234763|
0|234764|
0|234765|
0|234766|
0|234767|
0|234768|
0|234769|
0|234770|
0|234771|
0|234772|
0|234773|
0|234774|
0|234775|
0|234776|
0|234777|
0|234778|
0|234779|
0|234780|
0|234781|
0|234782|
0|234783|
0|234784|
0|234785|
0|234786|
0|234787|
0|234788|
0|234789|
0|234790|
0|234791|
0|234792|
0|234793|
0|234794|
0|234795|
