0|253982|
0|253983|
0|253984|
0|253985|
0|253986|
0|253987|
0|253988|
0|253989|
0|253990|
0|253991|
0|253992|
0|253993|
0|253994|
0|253995|
0|253996|
0|253997|
0|253998|
0|253999|
0|254000|
0|254001|
0|254002|
0|254003|
0|254004|
0|254005|
0|254006|
0|254007|
0|254008|
0|254009|
0|254010|
0|254011|
0|254012|
0|254013|
0|254014|
0|254015|
0|254016|
0|254017|
0|254018|
0|254019|
0|254020|
0|254021|
0|254022|
0|254023|
0|254024|
0|254025|
0|254026|
0|254027|
0|254028|
0|254029|
0|254030|
0|254031|
0|254032|
0|254033|
0|254034|
0|254035|
0|254036|
0|254037|
0|254038|
0|254039|
0|254040|
0|254041|
0|254042|
0|254043|
0|254044|
0|254045|
0|254046|
0|254047|
0|254048|
0|254049|
0|254050|
0|254051|
0|254052|
0|254053|
0|254054|
0|254055|
0|254056|
0|254057|
0|254058|
0|254059|
0|254060|
0|254061|
0|254062|
0|254063|
0|254064|
0|254065|
0|254066|
0|254067|
0|254068|
0|254069|
0|254070|
0|254071|
