0|149827|
0|149828|
0|149829|
0|149830|
0|149831|
0|149832|
0|149833|
0|149834|
0|149835|
0|149836|
0|149837|
0|149838|
0|149839|
0|149840|
0|149841|
0|149842|
0|149843|
0|149844|
0|149845|
0|149846|
0|149847|
0|149848|
0|149849|
0|149850|
0|149851|
0|149852|
0|149853|
0|149854|
0|149855|
0|149856|
0|149857|
0|149858|
0|149859|
0|149860|
0|149861|
0|149862|
0|149863|
0|149864|
0|149865|
0|149866|
0|149867|
0|149868|
0|149869|
0|149870|
0|149871|
0|149872|
0|149873|
0|149874|
0|149875|
0|149876|
0|149877|
0|149878|
0|149879|
0|149880|
