0|540460|
0|540462|
0|540464|
0|540465|
0|540466|
0|540467|
0|540468|
0|540469|
0|540470|
0|540471|
0|540472|
0|540473|
0|540474|
0|540475|
0|540476|
0|540477|
0|540478|
0|540479|
0|540480|
0|540481|
0|540482|
0|540483|
0|540484|
0|540485|
0|540486|
0|540487|
0|540488|
0|540489|
0|540490|
0|540491|
0|540492|
0|540493|
0|540494|
0|540495|
0|540496|
0|540497|
0|540498|
0|540499|
0|540501|
0|540503|
0|540505|
0|540506|
0|540507|
0|540508|
0|540509|
0|540510|
0|540511|
0|540512|
0|540513|
0|540514|
0|540515|
0|540516|
0|540517|
0|540518|
0|540519|
0|540520|
0|540521|
0|540522|
0|540523|
0|540524|
0|540525|
0|540526|
0|540527|
0|540528|
0|540529|
0|540530|
0|540531|
0|540532|
0|540533|
0|540534|
0|540535|
0|540536|
0|540537|
0|540538|
0|540539|
0|540540|
0|540541|
0|540542|
0|540543|
0|540544|
0|540545|
0|540546|
0|540547|
0|540548|
0|540549|
0|540550|
0|540551|
0|540552|
0|540553|
0|540554|
0|540555|
0|540556|
0|540557|
0|540559|
0|540561|
0|540562|
0|540563|
0|540564|
0|540565|
0|540566|
0|540567|
0|540568|
0|540569|
