0|480740|
0|480741|
0|480742|
0|480743|
0|480744|
0|480745|
0|480746|
0|480747|
0|480748|
0|480749|
0|480750|
0|480751|
0|480752|
0|480753|
0|480754|
0|480755|
0|480756|
0|480757|
0|480758|
0|480759|
0|480760|
0|480761|
0|480762|
0|480763|
0|480764|
0|480765|
0|480766|
0|480767|
0|480768|
0|480769|
0|480770|
0|480771|
0|480772|
0|480773|
0|480774|
0|480775|
0|480776|
0|480777|
0|480778|
0|480779|
0|480780|
0|480781|
0|480782|
0|480783|
0|480784|
0|480785|
0|480786|
0|480787|
0|480788|
0|480789|
0|480790|
0|480791|
0|480792|
0|480793|
0|480794|
