0|700130|
0|700131|
0|700132|
0|700133|
0|700134|
0|700135|
0|700136|
0|700137|
0|700138|
0|700139|
0|700140|
0|700141|
0|700142|
0|700143|
0|700144|
0|700145|
0|700146|
0|700147|
0|700148|
0|700149|
0|700150|
0|700151|
0|700152|
0|700153|
0|700154|
0|700155|
0|700156|
0|700157|
0|700158|
0|700159|
0|700160|
0|700161|
0|700162|
0|700163|
0|700164|
0|700165|
0|700166|
0|700167|
0|700168|
0|700169|
0|700170|
0|700171|
0|700172|
0|700173|
0|700174|
0|700175|
0|700176|
0|700177|
0|700178|
0|700179|
0|700180|
0|700181|
0|700182|
0|700183|
0|700184|
0|700185|
0|700186|
0|700187|
0|700188|
0|700189|
0|700190|
0|700191|
0|700192|
0|700193|
0|700194|
0|700195|
0|700196|
0|700197|
0|700198|
0|700199|
0|700200|
0|700201|
0|700202|
0|700203|
0|700204|
0|700205|
0|700206|
0|700207|
0|700208|
