0|337145|
0|337146|
0|337147|
0|337148|
0|337149|
0|337150|
0|337151|
0|337152|
0|337153|
0|337154|
0|337155|
0|337156|
0|337157|
0|337158|
0|337159|
0|337160|
0|337161|
0|337162|
0|337163|
0|337164|
0|337165|
0|337166|
0|337167|
0|337168|
0|337169|
0|337170|
0|337171|
0|337172|
0|337173|
0|337174|
0|337175|
0|337176|
0|337177|
0|337178|
0|337179|
0|337180|
0|337181|
0|337182|
0|337183|
0|337184|
0|337185|
0|337186|
0|337187|
0|337188|
0|337189|
0|337190|
0|337191|
0|337192|
0|337193|
0|337194|
0|337195|
0|337196|
0|337197|
0|337198|
0|337199|
0|337200|
0|337201|
0|337202|
0|337203|
0|337204|
0|337205|
0|337206|
0|337207|
0|337208|
0|337209|
0|337210|
0|337211|
0|337212|
0|337213|
0|337214|
0|337215|
0|337216|
0|337217|
0|337218|
0|337219|
0|337220|
0|337221|
0|337222|
0|337223|
0|337224|
0|337225|
0|337226|
0|337227|
0|337228|
0|337229|
0|337230|
0|337231|
0|337232|
0|337233|
0|337234|
0|337235|
0|337236|
