0|607878|
0|607879|
0|607880|
0|607881|
0|607882|
0|607883|
0|607884|
0|607885|
0|607886|
0|607887|
0|607888|
0|607889|
0|607890|
0|607891|
0|607892|
0|607893|
0|607894|
0|607895|
0|607896|
0|607897|
0|607898|
0|607899|
0|607900|
0|607901|
0|607902|
0|607903|
0|607904|
0|607905|
0|607906|
0|607907|
0|607908|
0|607909|
0|607910|
0|607911|
0|607912|
0|607913|
0|607914|
0|607915|
0|607916|
0|607917|
0|607918|
0|607919|
0|607920|
0|607921|
0|607922|
0|607923|
0|607924|
0|607925|
0|607926|
0|607927|
0|607928|
0|607929|
0|607930|
0|607931|
0|607932|
0|607933|
0|607934|
0|607935|
0|607936|
0|607937|
0|607938|
0|607939|
0|607940|
0|607941|
0|607942|
0|607943|
0|607944|
0|607945|
0|607946|
0|607947|
