0|48524|
0|48525|
0|48526|
0|48527|
0|48528|
0|48529|
0|48530|
0|48531|
0|48534|
0|48536|
0|48538|
0|48539|
0|48541|
0|48543|
0|48545|
0|48547|
0|48549|
0|48550|
0|48551|
0|48552|
0|48553|
0|48554|
0|48555|
0|48556|
0|48557|
0|48558|
0|48559|
0|48560|
0|48561|
0|48562|
0|48563|
0|48564|
0|48565|
0|48566|
0|48567|
0|48568|
0|48569|
0|48570|
0|48571|
0|48572|
0|48573|
0|48574|
0|48575|
0|48576|
0|48577|
0|48578|
0|48579|
0|48580|
0|48581|
0|48582|
0|48583|
0|48584|
0|48585|
0|48586|
0|48587|
0|48588|
0|48589|
0|48590|
0|48591|
0|48592|
0|48593|
0|48594|
0|48595|
0|48596|
0|48597|
0|48598|
0|48599|
0|48600|
0|48601|
0|48602|
0|48603|
0|48604|
0|48605|
0|48606|
0|48607|
0|48608|
0|48609|
0|48610|
0|48611|
0|48612|
0|48613|
0|48614|
0|48615|
0|48616|
0|48617|
0|48618|
