0|602959|
0|602961|
0|602963|
0|602965|
0|602967|
0|602969|
0|602971|
0|602973|
0|602975|
0|602978|
0|602980|
0|602982|
0|602984|
0|602986|
0|602988|
0|602990|
0|602992|
0|602994|
0|602996|
0|602999|
0|603001|
0|603003|
0|603005|
0|603007|
0|603009|
0|603011|
0|603013|
0|603015|
0|603017|
0|603019|
0|603022|
0|603024|
0|603026|
0|603029|
0|603031|
0|603033|
0|603035|
0|603037|
0|603040|
0|603042|
0|603044|
0|603046|
0|603048|
0|603050|
0|603053|
0|603055|
0|603057|
0|603059|
0|603061|
0|603063|
0|603065|
0|603068|
0|603070|
0|603072|
0|603074|
0|603077|
0|603079|
0|603081|
0|603083|
0|603085|
0|603087|
0|603090|
0|603092|
0|603094|
0|603096|
0|603098|
0|603101|
0|603104|
0|603106|
0|603108|
0|603110|
0|603112|
0|603114|
0|603116|
0|603118|
0|603121|
0|603123|
0|603125|
0|603127|
0|603129|
0|603131|
0|603133|
0|603135|
0|603137|
0|603139|
0|603140|
0|603141|
0|603142|
0|603143|
0|603144|
0|603145|
0|603146|
0|603147|
