0|638044|
0|638045|
0|638046|
0|638047|
0|638048|
0|638049|
0|638050|
0|638051|
0|638052|
0|638053|
0|638054|
0|638055|
0|638056|
0|638057|
0|638058|
0|638059|
0|638060|
0|638061|
0|638062|
0|638063|
0|638064|
0|638065|
0|638066|
0|638067|
0|638068|
0|638069|
0|638070|
0|638071|
0|638072|
0|638073|
0|638074|
0|638075|
0|638076|
0|638077|
0|638078|
0|638079|
0|638080|
0|638081|
0|638082|
0|638083|
0|638084|
0|638085|
0|638086|
0|638087|
0|638088|
0|638089|
0|638090|
0|638091|
0|638092|
0|638093|
0|638094|
0|638095|
0|638096|
0|638097|
0|638098|
0|638099|
