0|270051|
0|270052|
0|270053|
0|270054|
0|270055|
0|270056|
0|270057|
0|270058|
0|270059|
0|270060|
0|270061|
0|270062|
0|270063|
0|270064|
0|270065|
0|270066|
0|270067|
0|270068|
0|270069|
0|270070|
0|270071|
0|270072|
0|270073|
0|270074|
0|270075|
0|270076|
0|270077|
0|270078|
0|270079|
0|270080|
0|270081|
0|270082|
0|270083|
0|270084|
0|270085|
0|270086|
0|270087|
0|270088|
0|270089|
0|270090|
0|270091|
0|270092|
0|270093|
0|270094|
0|270095|
0|270096|
0|270097|
0|270098|
0|270099|
0|270100|
0|270101|
0|270102|
0|270103|
0|270104|
0|270105|
0|270106|
0|270107|
