0|487630|
0|487631|
0|487632|
0|487633|
0|487634|
0|487635|
0|487636|
0|487637|
0|487638|
0|487639|
0|487640|
0|487641|
0|487642|
0|487643|
0|487644|
0|487645|
0|487646|
0|487647|
0|487648|
0|487649|
0|487650|
0|487651|
0|487652|
0|487653|
0|487654|
0|487655|
0|487656|
0|487657|
0|487658|
0|487659|
0|487660|
0|487661|
0|487662|
0|487663|
0|487664|
0|487665|
0|487666|
0|487667|
0|487668|
0|487669|
0|487670|
0|487671|
0|487672|
0|487673|
0|487674|
0|487675|
0|487676|
0|487677|
0|487678|
0|487679|
0|487680|
0|487681|
0|487682|
0|487683|
0|487684|
0|487685|
0|487686|
0|487687|
0|487688|
0|487689|
0|487690|
0|487691|
0|487692|
0|487693|
0|487694|
0|487695|
0|487696|
0|487697|
0|487698|
0|487699|
0|487700|
0|487701|
0|487702|
0|487703|
0|487704|
0|487705|
0|487706|
0|487707|
0|487708|
0|487709|
0|487710|
0|487711|
0|487712|
0|487713|
0|487714|
0|487715|
0|487716|
0|487717|
0|487718|
0|487719|
0|487720|
0|487721|
0|487722|
0|487723|
0|487724|
0|487725|
0|487726|
0|487727|
0|487728|
0|487729|
0|487730|
0|487731|
0|487732|
0|487733|
0|487734|
0|487735|
0|487736|
0|487737|
0|487738|
