0|156042|
0|156043|
0|156044|
0|156045|
0|156046|
0|156047|
0|156048|
0|156049|
0|156050|
0|156051|
0|156052|
0|156053|
0|156054|
0|156055|
0|156056|
0|156057|
0|156058|
0|156059|
0|156060|
0|156061|
0|156062|
0|156063|
0|156064|
0|156065|
0|156066|
0|156067|
0|156068|
0|156069|
0|156070|
0|156071|
0|156072|
0|156073|
0|156074|
0|156075|
0|156076|
0|156077|
0|156078|
0|156079|
0|156080|
0|156081|
0|156082|
0|156083|
0|156084|
0|156085|
0|156086|
0|156087|
0|156088|
0|156089|
0|156090|
0|156091|
0|156092|
0|156093|
0|156094|
0|156095|
0|156096|
0|156097|
0|156098|
0|156099|
0|156100|
0|156101|
0|156102|
0|156103|
0|156104|
0|156105|
0|156106|
0|156107|
0|156108|
0|156109|
0|156110|
0|156111|
0|156112|
0|156113|
0|156114|
0|156115|
0|156116|
0|156117|
0|156118|
0|156119|
0|156120|
0|156121|
0|156122|
0|156123|
0|156124|
0|156125|
0|156126|
0|156127|
0|156128|
0|156129|
0|156130|
0|156131|
0|156132|
0|156133|
0|156134|
0|156135|
0|156136|
0|156137|
0|156138|
0|156139|
0|156140|
