0|716139|
0|716140|
0|716141|
0|716142|
0|716143|
0|716144|
0|716146|
0|716148|
0|716150|
0|716152|
0|716154|
0|716156|
0|716157|
0|716158|
0|716159|
0|716160|
0|716162|
0|716163|
0|716164|
0|716165|
0|716166|
0|716167|
0|716168|
0|716169|
0|716170|
0|716171|
0|716172|
0|716173|
0|716174|
0|716175|
0|716176|
0|716177|
0|716178|
0|716179|
0|716180|
0|716181|
0|716182|
0|716183|
0|716184|
0|716185|
0|716186|
0|716187|
0|716188|
0|716189|
0|716190|
0|716191|
0|716192|
0|716193|
0|716194|
0|716195|
0|716196|
0|716197|
0|716198|
0|716199|
0|716200|
0|716201|
0|716202|
0|716203|
0|716204|
0|716205|
0|716206|
0|716207|
0|716208|
0|716209|
0|716210|
0|716211|
0|716212|
0|716213|
0|716214|
0|716215|
0|716216|
0|716217|
0|716218|
0|716219|
0|716220|
0|716221|
0|716222|
0|716223|
0|716224|
0|716225|
0|716226|
0|716227|
0|716228|
0|716229|
