0|607948|
0|607949|
0|607950|
0|607951|
0|607952|
0|607953|
0|607954|
0|607955|
0|607956|
0|607957|
0|607958|
0|607959|
0|607960|
0|607962|
0|607963|
0|607964|
0|607965|
0|607966|
0|607967|
0|607968|
0|607969|
0|607970|
0|607971|
0|607972|
0|607973|
0|607974|
0|607975|
0|607976|
0|607977|
0|607978|
0|607979|
0|607980|
0|607981|
0|607982|
0|607983|
0|607984|
0|607985|
0|607986|
0|607987|
0|607988|
0|607989|
0|607990|
0|607991|
0|607992|
0|607993|
0|607994|
0|607995|
0|607996|
0|607997|
0|607998|
0|607999|
0|608000|
0|608001|
0|608002|
0|608003|
0|608004|
0|608005|
0|608006|
0|608007|
0|608008|
0|608009|
0|608010|
0|608011|
0|608012|
0|608013|
0|608014|
0|608015|
0|608016|
0|608017|
0|608018|
0|608019|
0|608020|
0|608021|
0|608022|
0|608023|
0|608024|
0|608025|
0|608026|
0|608027|
0|608028|
0|608029|
0|608030|
0|608031|
0|608032|
0|608033|
0|608034|
0|608035|
0|608036|
0|608037|
0|608038|
0|608039|
0|608040|
0|608041|
0|608042|
