0|571540|
0|571541|
0|571542|
0|571543|
0|571544|
0|571545|
0|571546|
0|571547|
0|571548|
0|571549|
0|571550|
0|571551|
0|571552|
0|571553|
0|571554|
0|571555|
0|571556|
0|571557|
0|571558|
0|571559|
0|571560|
0|571561|
0|571562|
0|571563|
0|571565|
0|571566|
0|571568|
0|571569|
0|571570|
0|571571|
0|571572|
0|571573|
0|571574|
0|571575|
0|571576|
0|571577|
0|571578|
0|571579|
0|571580|
0|571581|
0|571582|
0|571583|
0|571584|
0|571585|
0|571586|
0|571587|
0|571588|
0|571589|
0|571590|
0|571591|
0|571592|
0|571593|
0|571594|
0|571595|
0|571596|
0|571597|
0|571598|
0|571599|
0|571600|
0|571601|
0|571602|
0|571603|
0|571604|
0|571605|
0|571606|
0|571607|
0|571608|
0|571609|
0|571610|
0|571611|
0|571612|
0|571613|
0|571614|
0|571615|
0|571616|
0|571617|
0|571618|
0|571619|
0|571620|
0|571621|
0|571622|
0|571623|
0|571624|
0|571625|
0|571626|
0|571627|
0|571628|
0|571629|
0|571630|
0|571631|
0|571632|
0|571633|
