0|739135|
0|739136|
0|739137|
0|739138|
0|739139|
0|739140|
0|739141|
0|739142|
0|739143|
0|739144|
0|739145|
0|739146|
0|739147|
0|739148|
0|739149|
0|739150|
0|739151|
0|739152|
0|739153|
0|739154|
0|739155|
0|739156|
0|739157|
0|739158|
0|739159|
0|739160|
0|739161|
0|739162|
0|739163|
0|739164|
0|739165|
0|739166|
0|739167|
0|739168|
0|739169|
0|739170|
0|739171|
0|739172|
0|739173|
0|739174|
0|739175|
0|739176|
0|739177|
0|739178|
0|739179|
0|739180|
0|739181|
0|739182|
0|739183|
0|739184|
0|739185|
0|739186|
0|739187|
0|739188|
0|739189|
0|739190|
0|739191|
0|739192|
0|739193|
0|739194|
0|739195|
0|739196|
0|739197|
0|739198|
0|739199|
0|739200|
0|739201|
0|739202|
0|739203|
0|739204|
0|739205|
0|739206|
0|739207|
0|739208|
0|739209|
0|739210|
0|739211|
0|739212|
0|739213|
0|739214|
0|739215|
0|739216|
0|739217|
0|739218|
0|739219|
0|739220|
0|739221|
0|739222|
0|739223|
0|739224|
0|739225|
0|739226|
0|739227|
0|739228|
0|739229|
0|739230|
0|739231|
0|739232|
0|739233|
0|739234|
