0|199572|
0|199573|
0|199574|
0|199575|
0|199576|
0|199577|
0|199578|
0|199579|
0|199580|
0|199581|
0|199582|
0|199583|
0|199584|
0|199585|
0|199586|
0|199587|
0|199588|
0|199589|
0|199590|
0|199591|
0|199592|
0|199593|
0|199594|
0|199595|
0|199596|
0|199597|
0|199598|
0|199599|
0|199600|
0|199601|
0|199602|
0|199603|
0|199604|
0|199605|
0|199606|
0|199607|
0|199608|
0|199609|
0|199610|
0|199611|
0|199612|
0|199613|
0|199614|
0|199615|
0|199616|
0|199617|
0|199618|
0|199619|
0|199620|
0|199621|
0|199622|
0|199623|
0|199624|
0|199625|
0|199626|
0|199627|
0|199628|
0|199629|
0|199630|
0|199631|
0|199632|
0|199633|
0|199634|
0|199635|
0|199636|
0|199637|
0|199638|
0|199639|
0|199640|
0|199641|
0|199642|
0|199643|
0|199644|
0|199645|
0|199646|
0|199647|
0|199648|
0|199649|
0|199650|
0|199651|
0|199652|
0|199653|
0|199654|
0|199655|
0|199656|
0|199657|
0|199658|
