0|374193|
0|374194|
0|374195|
0|374196|
0|374197|
0|374198|
0|374199|
0|374200|
0|374201|
0|374202|
0|374203|
0|374204|
0|374205|
0|374206|
0|374207|
0|374208|
0|374209|
0|374210|
0|374211|
0|374212|
0|374213|
0|374214|
0|374215|
0|374216|
0|374217|
0|374218|
0|374219|
0|374220|
0|374221|
0|374222|
0|374223|
0|374224|
0|374225|
0|374226|
0|374227|
0|374228|
0|374229|
0|374230|
0|374231|
0|374232|
0|374233|
0|374234|
0|374235|
0|374236|
0|374237|
0|374238|
0|374239|
0|374240|
0|374241|
0|374242|
0|374243|
0|374245|
