0|484021|
0|484023|
0|484025|
0|484027|
0|484029|
0|484031|
0|484033|
0|484035|
0|484037|
0|484039|
0|484041|
0|484043|
0|484045|
0|484047|
0|484049|
0|484051|
0|484053|
0|484056|
0|484058|
0|484060|
0|484062|
0|484063|
0|484065|
0|484067|
0|484069|
0|484071|
0|484073|
0|484075|
0|484077|
0|484079|
0|484081|
0|484083|
0|484085|
0|484087|
0|484089|
0|484091|
0|484093|
0|484095|
0|484097|
0|484099|
0|484101|
0|484103|
0|484105|
0|484107|
0|484109|
0|484111|
0|484113|
0|484115|
0|484117|
0|484119|
0|484121|
