0|128559|
0|128560|
0|128561|
0|128562|
0|128563|
0|128564|
0|128565|
0|128566|
0|128567|
0|128568|
0|128569|
0|128570|
0|128571|
0|128572|
0|128573|
0|128574|
0|128575|
0|128576|
0|128577|
0|128578|
0|128579|
0|128580|
0|128581|
0|128582|
0|128583|
0|128584|
0|128585|
0|128586|
0|128587|
0|128588|
0|128589|
0|128590|
0|128591|
0|128592|
0|128593|
0|128594|
0|128595|
0|128596|
0|128597|
0|128598|
0|128599|
0|128600|
0|128601|
0|128602|
0|128603|
0|128604|
0|128605|
0|128606|
0|128607|
0|128608|
0|128609|
0|128610|
0|128611|
0|128612|
0|128613|
0|128614|
0|128615|
0|128616|
0|128617|
0|128618|
0|128619|
0|128620|
0|128621|
0|128622|
0|128623|
0|128624|
0|128625|
0|128626|
0|128627|
0|128628|
0|128629|
0|128630|
0|128631|
0|128632|
0|128633|
0|128634|
0|128635|
0|128636|
