0|660970|
0|660971|
0|660972|
0|660973|
0|660974|
0|660975|
0|660976|
0|660977|
0|660978|
0|660979|
0|660980|
0|660981|
0|660982|
0|660983|
0|660984|
0|660985|
0|660986|
0|660987|
0|660988|
0|660989|
0|660990|
0|660991|
0|660992|
0|660993|
0|660994|
0|660995|
0|660996|
0|660997|
0|660998|
0|660999|
0|661000|
0|661001|
0|661002|
0|661003|
0|661004|
0|661005|
0|661006|
0|661007|
0|661008|
0|661009|
0|661010|
0|661011|
0|661012|
0|661013|
0|661014|
0|661015|
0|661016|
0|661017|
0|661018|
0|661019|
0|661020|
0|661021|
0|661022|
0|661023|
0|661024|
0|661025|
0|661027|
0|661028|
0|661029|
0|661030|
0|661031|
0|661032|
0|661033|
0|661034|
0|661035|
0|661037|
0|661038|
0|661039|
0|661040|
0|661041|
0|661042|
0|661043|
0|661044|
0|661045|
0|661046|
0|661047|
0|661048|
0|661049|
0|661050|
0|661051|
0|661052|
