0|593239|
0|593240|
0|593241|
0|593242|
0|593243|
0|593244|
0|593245|
0|593246|
0|593247|
0|593248|
0|593249|
0|593250|
0|593251|
0|593252|
0|593253|
0|593254|
0|593255|
0|593256|
0|593257|
0|593258|
0|593259|
0|593260|
0|593261|
0|593262|
0|593263|
0|593264|
0|593265|
0|593266|
0|593267|
0|593268|
0|593269|
0|593270|
0|593271|
0|593272|
0|593273|
0|593274|
0|593275|
0|593276|
0|593277|
0|593278|
0|593280|
0|593281|
0|593282|
0|593283|
0|593284|
0|593285|
0|593286|
0|593287|
0|593288|
0|593289|
0|593290|
0|593291|
0|593292|
0|593293|
0|593294|
0|593295|
0|593296|
0|593297|
0|593299|
0|593300|
0|593301|
0|593302|
0|593303|
0|593304|
0|593305|
0|593306|
0|593307|
0|593308|
0|593309|
0|593310|
0|593311|
0|593312|
0|593313|
0|593314|
0|593315|
0|593316|
0|593317|
0|593318|
0|593319|
0|593320|
0|593321|
