0|660886|
0|660887|
0|660888|
0|660889|
0|660890|
0|660891|
0|660892|
0|660893|
0|660894|
0|660895|
0|660896|
0|660897|
0|660898|
0|660899|
0|660900|
0|660901|
0|660902|
0|660903|
0|660904|
0|660905|
0|660906|
0|660907|
0|660908|
0|660909|
0|660910|
0|660911|
0|660912|
0|660913|
0|660914|
0|660915|
0|660916|
0|660917|
0|660918|
0|660919|
0|660920|
0|660921|
0|660922|
0|660923|
0|660924|
0|660925|
0|660926|
0|660927|
0|660928|
0|660929|
0|660930|
0|660931|
0|660932|
0|660933|
0|660934|
0|660935|
0|660936|
0|660937|
0|660938|
0|660939|
0|660941|
0|660943|
0|660945|
0|660946|
0|660947|
0|660948|
0|660949|
0|660950|
0|660951|
0|660952|
0|660953|
0|660954|
0|660955|
0|660956|
0|660957|
0|660958|
0|660959|
0|660960|
0|660961|
0|660962|
0|660963|
0|660964|
0|660965|
0|660966|
0|660967|
0|660968|
0|660969|
