0|187984|
0|187985|
0|187986|
0|187987|
0|187988|
0|187989|
0|187990|
0|187991|
0|187992|
0|187993|
0|187994|
0|187995|
0|187996|
0|187997|
0|187998|
0|187999|
0|188000|
0|188001|
0|188002|
0|188003|
0|188004|
0|188005|
0|188006|
0|188007|
0|188008|
0|188009|
0|188010|
0|188011|
0|188012|
0|188013|
0|188014|
0|188015|
0|188016|
0|188017|
0|188018|
0|188019|
0|188020|
0|188021|
0|188022|
0|188023|
0|188024|
0|188025|
0|188026|
0|188027|
0|188028|
0|188029|
0|188030|
0|188031|
0|188032|
0|188033|
0|188034|
0|188035|
0|188036|
0|188037|
0|188038|
0|188039|
0|188040|
0|188041|
0|188042|
0|188043|
0|188044|
0|188045|
0|188046|
0|188047|
0|188048|
0|188049|
0|188050|
0|188051|
0|188052|
0|188053|
0|188054|
0|188055|
0|188056|
0|188057|
0|188058|
0|188059|
