0|560337|
0|560338|
0|560339|
0|560340|
0|560341|
0|560342|
0|560343|
0|560344|
0|560345|
0|560346|
0|560347|
0|560348|
0|560349|
0|560350|
0|560351|
0|560352|
0|560353|
0|560354|
0|560355|
0|560356|
0|560357|
0|560358|
0|560359|
0|560361|
0|560363|
0|560365|
0|560366|
0|560367|
0|560368|
0|560369|
0|560370|
0|560371|
0|560372|
0|560373|
0|560374|
0|560375|
0|560376|
0|560377|
0|560378|
0|560379|
0|560380|
0|560381|
0|560383|
0|560384|
0|560385|
0|560387|
0|560388|
0|560389|
0|560390|
0|560391|
0|560392|
0|560393|
0|560394|
0|560395|
0|560396|
0|560397|
0|560398|
0|560399|
0|560400|
0|560401|
0|560402|
0|560403|
0|560404|
0|560405|
0|560406|
0|560407|
0|560408|
0|560409|
0|560410|
0|560411|
0|560412|
0|560413|
0|560414|
0|560415|
0|560416|
0|560417|
0|560418|
0|560419|
0|560420|
0|560421|
0|560422|
0|560423|
0|560424|
0|560425|
0|560426|
0|560427|
0|560428|
0|560429|
0|560430|
0|560431|
0|560432|
0|560433|
0|560434|
0|560435|
