0|511640|
0|511641|
0|511643|
0|511645|
0|511647|
0|511649|
0|511651|
0|511653|
0|511655|
0|511657|
0|511659|
0|511661|
0|511663|
0|511665|
0|511667|
0|511669|
0|511671|
0|511673|
0|511675|
0|511677|
0|511679|
0|511681|
0|511683|
0|511685|
0|511687|
0|511689|
0|511691|
0|511693|
0|511696|
0|511698|
0|511700|
0|511702|
0|511704|
0|511706|
0|511708|
0|511710|
0|511712|
0|511714|
0|511716|
0|511718|
0|511720|
0|511722|
0|511724|
0|511726|
0|511728|
0|511731|
0|511733|
0|511735|
0|511736|
0|511737|
0|511738|
0|511739|
0|511740|
