0|656382|
0|656384|
0|656386|
0|656388|
0|656390|
0|656392|
0|656394|
0|656396|
0|656398|
0|656400|
0|656402|
0|656404|
0|656406|
0|656408|
0|656410|
0|656412|
0|656414|
0|656416|
0|656418|
0|656420|
0|656422|
0|656424|
0|656426|
0|656427|
0|656428|
0|656429|
0|656430|
0|656431|
0|656432|
0|656433|
0|656434|
0|656435|
0|656436|
0|656437|
0|656438|
0|656439|
0|656440|
0|656441|
0|656442|
0|656443|
0|656444|
0|656445|
0|656446|
0|656447|
0|656448|
0|656449|
0|656450|
0|656451|
0|656452|
0|656453|
0|656454|
0|656455|
0|656456|
0|656457|
0|656458|
0|656459|
0|656460|
0|656461|
0|656462|
0|656463|
0|656464|
0|656465|
0|656466|
0|656467|
0|656468|
0|656469|
0|656470|
0|656471|
0|656472|
0|656473|
0|656474|
0|656475|
0|656476|
0|656477|
0|656478|
0|656479|
0|656480|
0|656481|
0|656482|
0|656483|
0|656484|
