0|196862|
0|196863|
0|196864|
0|196865|
0|196866|
0|196867|
0|196868|
0|196869|
0|196870|
0|196871|
0|196872|
0|196873|
0|196874|
0|196875|
0|196876|
0|196877|
0|196878|
0|196879|
0|196880|
0|196881|
0|196882|
0|196883|
0|196884|
0|196885|
0|196886|
0|196887|
0|196888|
0|196889|
0|196890|
0|196891|
0|196892|
0|196893|
0|196894|
0|196895|
0|196896|
0|196897|
0|196898|
0|196899|
0|196900|
0|196901|
0|196902|
0|196903|
0|196904|
0|196905|
0|196906|
0|196907|
0|196908|
0|196909|
0|196910|
0|196911|
0|196912|
0|196913|
0|196914|
0|196915|
0|196916|
0|196917|
0|196918|
0|196919|
0|196920|
0|196921|
0|196922|
0|196923|
0|196924|
0|196925|
0|196926|
0|196927|
0|196928|
0|196929|
0|196930|
0|196931|
0|196932|
0|196933|
0|196934|
0|196935|
0|196936|
0|196937|
0|196938|
0|196939|
0|196940|
0|196941|
0|196942|
0|196943|
0|196944|
0|196945|
0|196946|
0|196947|
0|196948|
0|196949|
0|196950|
0|196951|
0|196952|
0|196953|
0|196954|
0|196955|
0|196956|
0|196957|
0|196958|
0|196959|
0|196960|
0|196961|
0|196962|
0|196963|
