0|151869|
0|151870|
0|151871|
0|151872|
0|151873|
0|151874|
0|151875|
0|151876|
0|151877|
0|151878|
0|151879|
0|151880|
0|151881|
0|151882|
0|151883|
0|151884|
0|151885|
0|151886|
0|151887|
0|151888|
0|151889|
0|151890|
0|151891|
0|151892|
0|151893|
0|151894|
0|151895|
0|151896|
0|151897|
0|151898|
0|151899|
0|151900|
0|151901|
0|151902|
0|151903|
0|151904|
0|151905|
0|151906|
0|151907|
0|151908|
0|151909|
0|151910|
0|151911|
0|151912|
0|151913|
0|151914|
0|151915|
0|151916|
0|151917|
0|151918|
0|151919|
0|151920|
0|151921|
0|151922|
0|151923|
0|151924|
0|151925|
0|151926|
0|151927|
0|151928|
0|151929|
0|151930|
0|151931|
0|151932|
0|151933|
0|151934|
0|151935|
0|151936|
0|151937|
0|151938|
0|151939|
0|151940|
0|151941|
