0|239187|
0|239188|
0|239189|
0|239190|
0|239191|
0|239192|
0|239193|
0|239194|
0|239195|
0|239196|
0|239197|
0|239198|
0|239199|
0|239200|
0|239201|
0|239202|
0|239203|
0|239204|
0|239205|
0|239206|
0|239207|
0|239208|
0|239209|
0|239210|
0|239211|
0|239212|
0|239213|
0|239214|
0|239215|
0|239216|
0|239217|
0|239218|
0|239219|
0|239220|
0|239221|
0|239222|
0|239223|
0|239224|
0|239225|
0|239226|
0|239227|
0|239228|
0|239229|
0|239230|
0|239231|
0|239232|
0|239233|
0|239234|
0|239235|
0|239236|
0|239237|
0|239238|
