0|559733|
0|559734|
0|559735|
0|559736|
0|559737|
0|559738|
0|559739|
0|559740|
0|559741|
0|559742|
0|559743|
0|559744|
0|559745|
0|559746|
0|559747|
0|559748|
0|559749|
0|559750|
0|559751|
0|559752|
0|559753|
0|559754|
0|559755|
0|559756|
0|559757|
0|559758|
0|559759|
0|559760|
0|559761|
0|559762|
0|559763|
0|559764|
0|559765|
0|559766|
0|559767|
0|559768|
0|559769|
0|559770|
0|559771|
0|559772|
0|559773|
0|559774|
0|559775|
0|559776|
0|559777|
0|559778|
0|559779|
0|559780|
0|559781|
0|559782|
0|559783|
0|559784|
0|559785|
0|559786|
0|559787|
0|559788|
0|559789|
0|559790|
0|559791|
0|559792|
0|559793|
0|559794|
0|559795|
0|559796|
0|559797|
0|559798|
0|559799|
0|559800|
0|559801|
0|559802|
0|559803|
0|559804|
0|559805|
0|559806|
0|559807|
0|559808|
0|559809|
0|559810|
0|559811|
0|559812|
0|559813|
0|559814|
0|559815|
0|559816|
0|559817|
0|559818|
0|559819|
0|559820|
