0|178524|
0|178525|
0|178526|
0|178527|
0|178528|
0|178529|
0|178530|
0|178531|
0|178532|
0|178533|
0|178534|
0|178535|
0|178536|
0|178537|
0|178538|
0|178539|
0|178540|
0|178541|
0|178542|
0|178543|
0|178544|
0|178545|
0|178546|
0|178547|
0|178548|
0|178549|
0|178550|
0|178551|
0|178552|
0|178553|
0|178554|
0|178555|
0|178556|
0|178557|
0|178558|
0|178559|
0|178560|
0|178561|
0|178562|
0|178563|
0|178564|
0|178565|
0|178566|
0|178567|
0|178568|
0|178569|
0|178570|
0|178571|
0|178572|
0|178573|
0|178574|
0|178575|
0|178576|
0|178577|
0|178578|
0|178579|
0|178580|
0|178581|
0|178582|
0|178583|
0|178584|
0|178585|
0|178586|
0|178587|
0|178588|
0|178589|
0|178590|
