0|29132|
0|29133|
0|29134|
0|29135|
0|29136|
0|29137|
0|29138|
0|29139|
0|29140|
0|29141|
0|29142|
0|29143|
0|29144|
0|29145|
0|29146|
0|29147|
0|29148|
0|29149|
0|29150|
0|29151|
0|29152|
0|29153|
0|29154|
0|29155|
0|29156|
0|29157|
0|29158|
0|29159|
0|29160|
0|29161|
0|29162|
0|29164|
0|29165|
0|29166|
0|29167|
0|29168|
0|29169|
0|29170|
0|29171|
0|29172|
0|29173|
0|29174|
0|29175|
0|29176|
0|29177|
0|29178|
0|29179|
0|29180|
0|29181|
0|29183|
0|29184|
0|29185|
0|29186|
0|29187|
0|29188|
0|29189|
0|29190|
0|29191|
0|29192|
0|29193|
0|29194|
0|29195|
0|29196|
0|29197|
0|29198|
0|29199|
0|29200|
0|29201|
0|29202|
0|29203|
0|29204|
0|29205|
0|29206|
0|29207|
0|29208|
0|29209|
0|29212|
0|29213|
0|29214|
0|29215|
0|29216|
0|29217|
0|29218|
0|29219|
0|29220|
