0|719292|
0|719294|
0|719296|
0|719298|
0|719300|
0|719302|
0|719304|
0|719306|
0|719308|
0|719310|
0|719312|
0|719314|
0|719316|
0|719318|
0|719320|
0|719322|
0|719324|
0|719326|
0|719328|
0|719330|
0|719332|
0|719334|
0|719336|
0|719338|
0|719340|
0|719342|
0|719344|
0|719346|
0|719348|
0|719350|
0|719352|
0|719354|
0|719356|
0|719358|
0|719360|
0|719362|
0|719364|
0|719366|
0|719368|
0|719370|
0|719372|
0|719374|
0|719376|
0|719378|
0|719380|
0|719382|
0|719384|
0|719386|
0|719388|
0|719390|
0|719392|
0|719394|
0|719396|
0|719398|
0|719400|
0|719402|
0|719404|
0|719406|
0|719409|
0|719412|
0|719415|
0|719417|
0|719419|
0|719421|
0|719423|
0|719425|
0|719427|
0|719429|
0|719431|
0|719433|
0|719435|
0|719437|
0|719439|
0|719441|
0|719443|
0|719445|
0|719447|
0|719449|
0|719451|
0|719453|
0|719455|
0|719457|
0|719459|
0|719461|
0|719463|
0|719465|
0|719467|
0|719469|
0|719471|
0|719473|
