0|537838|
0|537839|
0|537840|
0|537841|
0|537842|
0|537843|
0|537844|
0|537845|
0|537846|
0|537847|
0|537848|
0|537849|
0|537851|
0|537853|
0|537855|
0|537857|
0|537859|
0|537861|
0|537863|
0|537865|
0|537867|
0|537868|
0|537869|
0|537870|
0|537871|
0|537872|
0|537873|
0|537874|
0|537875|
0|537876|
0|537877|
0|537878|
0|537879|
0|537880|
0|537881|
0|537882|
0|537883|
0|537884|
0|537885|
0|537886|
0|537887|
0|537888|
0|537889|
0|537890|
0|537891|
0|537892|
0|537893|
0|537894|
0|537895|
0|537896|
0|537897|
0|537898|
0|537899|
0|537900|
0|537901|
0|537902|
0|537903|
0|537904|
0|537905|
0|537906|
