0|419245|
0|419246|
0|419247|
0|419248|
0|419249|
0|419250|
0|419251|
0|419252|
0|419253|
0|419254|
0|419255|
0|419256|
0|419257|
0|419258|
0|419259|
0|419260|
0|419261|
0|419262|
0|419263|
0|419264|
0|419265|
0|419266|
0|419267|
0|419268|
0|419269|
0|419270|
0|419271|
0|419272|
0|419273|
0|419274|
0|419275|
0|419276|
0|419277|
0|419278|
0|419279|
0|419280|
0|419281|
0|419282|
0|419283|
0|419284|
0|419285|
0|419286|
0|419287|
0|419288|
0|419289|
0|419290|
0|419291|
0|419292|
0|419293|
0|419294|
0|419295|
0|419296|
0|419297|
