0|181764|
0|181765|
0|181766|
0|181767|
0|181768|
0|181769|
0|181770|
0|181771|
0|181772|
0|181773|
0|181774|
0|181775|
0|181776|
0|181777|
0|181778|
0|181779|
0|181780|
0|181781|
0|181782|
0|181783|
0|181784|
0|181785|
0|181786|
0|181787|
0|181788|
0|181789|
0|181790|
0|181791|
0|181792|
0|181793|
0|181794|
0|181795|
0|181796|
0|181797|
0|181798|
0|181799|
0|181800|
0|181801|
0|181802|
0|181803|
0|181804|
0|181805|
0|181806|
0|181807|
0|181808|
0|181809|
0|181810|
0|181811|
0|181812|
0|181813|
0|181814|
0|181815|
0|181816|
0|181817|
0|181818|
0|181819|
0|181820|
0|181821|
0|181822|
0|181823|
0|181824|
0|181825|
0|181826|
0|181827|
0|181828|
0|181829|
0|181830|
0|181831|
0|181832|
