0|417063|
0|417064|
0|417065|
0|417066|
0|417067|
0|417068|
0|417069|
0|417070|
0|417071|
0|417072|
0|417073|
0|417074|
0|417075|
0|417076|
0|417077|
0|417078|
0|417079|
0|417080|
0|417081|
0|417082|
0|417083|
0|417084|
0|417085|
0|417086|
0|417087|
0|417088|
0|417089|
0|417090|
0|417091|
0|417092|
0|417093|
0|417094|
0|417095|
0|417096|
0|417097|
0|417098|
0|417099|
0|417100|
0|417101|
0|417102|
0|417103|
0|417104|
0|417105|
0|417106|
0|417107|
0|417108|
0|417109|
0|417110|
0|417111|
0|417112|
0|417113|
0|417114|
0|417115|
0|417116|
0|417117|
0|417118|
0|417119|
0|417120|
0|417121|
0|417122|
0|417123|
0|417124|
0|417125|
0|417126|
0|417127|
0|417128|
0|417129|
0|417130|
0|417131|
0|417132|
0|417133|
0|417134|
0|417135|
0|417136|
0|417137|
0|417138|
0|417139|
0|417140|
0|417141|
0|417142|
0|417143|
0|417144|
0|417145|
0|417146|
0|417147|
0|417148|
0|417149|
0|417150|
0|417151|
0|417152|
0|417153|
0|417154|
0|417155|
0|417156|
0|417157|
0|417158|
0|417159|
0|417160|
0|417161|
0|417162|
0|417163|
0|417164|
0|417165|
0|417166|
0|417167|
0|417168|
0|417169|
0|417170|
0|417171|
0|417172|
0|417173|
0|417174|
0|417175|
0|417176|
