0|612782|
0|612783|
0|612784|
0|612785|
0|612786|
0|612787|
0|612788|
0|612789|
0|612790|
0|612791|
0|612792|
0|612793|
0|612794|
0|612795|
0|612796|
0|612797|
0|612798|
0|612799|
0|612800|
0|612801|
0|612802|
0|612803|
0|612804|
0|612805|
0|612806|
0|612807|
0|612808|
0|612809|
0|612810|
0|612811|
0|612812|
0|612813|
0|612814|
0|612815|
0|612816|
0|612817|
0|612818|
0|612819|
0|612820|
0|612821|
0|612822|
0|612823|
0|612824|
0|612825|
0|612826|
0|612827|
0|612828|
0|612829|
0|612830|
0|612831|
0|612832|
0|612833|
0|612834|
0|612835|
0|612836|
0|612837|
0|612838|
0|612839|
0|612840|
0|612841|
0|612842|
0|612843|
0|612844|
0|612845|
0|612846|
0|612847|
0|612848|
0|612849|
0|612850|
0|612851|
0|612852|
