0|474035|
0|474036|
0|474037|
0|474038|
0|474039|
0|474040|
0|474041|
0|474042|
0|474043|
0|474044|
0|474045|
0|474046|
0|474047|
0|474048|
0|474049|
0|474050|
0|474051|
0|474052|
0|474053|
0|474054|
0|474055|
0|474056|
0|474057|
0|474058|
0|474059|
0|474060|
0|474061|
0|474062|
0|474063|
0|474064|
0|474065|
0|474066|
0|474067|
0|474068|
0|474069|
0|474070|
0|474071|
0|474072|
0|474073|
0|474074|
0|474075|
0|474076|
0|474077|
0|474078|
0|474079|
0|474080|
0|474081|
0|474082|
0|474083|
0|474084|
0|474085|
0|474086|
0|474087|
0|474088|
0|474089|
0|474090|
0|474091|
0|474092|
0|474093|
0|474094|
0|474095|
0|474096|
0|474097|
0|474098|
0|474099|
0|474100|
0|474101|
0|474102|
0|474103|
0|474104|
0|474105|
0|474106|
0|474107|
0|474108|
0|474109|
0|474110|
0|474111|
0|474112|
0|474113|
0|474114|
0|474115|
0|474116|
0|474117|
0|474118|
0|474119|
0|474120|
0|474121|
0|474122|
0|474123|
