0|240831|
0|240832|
0|240833|
0|240834|
0|240835|
0|240836|
0|240837|
0|240838|
0|240839|
0|240840|
0|240841|
0|240842|
0|240843|
0|240844|
0|240845|
0|240846|
0|240847|
0|240848|
0|240849|
0|240850|
0|240851|
0|240852|
0|240853|
0|240854|
0|240855|
0|240856|
0|240857|
0|240858|
0|240859|
0|240860|
0|240861|
0|240862|
0|240863|
0|240864|
0|240865|
0|240866|
0|240867|
0|240868|
0|240869|
0|240870|
0|240871|
0|240872|
0|240873|
0|240874|
0|240875|
0|240876|
0|240877|
0|240878|
0|240879|
0|240880|
0|240881|
0|240882|
