0|310374|
0|310375|
0|310376|
0|310377|
0|310378|
0|310379|
0|310380|
0|310381|
0|310382|
0|310383|
0|310384|
0|310385|
0|310386|
0|310387|
0|310388|
0|310389|
0|310390|
0|310391|
0|310392|
0|310393|
0|310394|
0|310395|
0|310396|
0|310397|
0|310398|
0|310399|
0|310400|
0|310401|
0|310402|
0|310403|
0|310404|
0|310405|
0|310406|
0|310407|
0|310408|
0|310409|
0|310410|
0|310411|
0|310412|
0|310413|
0|310414|
0|310415|
0|310416|
0|310417|
0|310418|
0|310419|
0|310420|
0|310421|
0|310422|
0|310423|
0|310424|
0|310425|
0|310426|
0|310427|
0|310428|
0|310429|
0|310430|
0|310431|
0|310432|
0|310433|
