0|335230|
0|335231|
0|335232|
0|335233|
0|335234|
0|335235|
0|335236|
0|335237|
0|335238|
0|335239|
0|335240|
0|335241|
0|335242|
0|335243|
0|335244|
0|335245|
0|335246|
0|335247|
0|335248|
0|335250|
0|335251|
0|335252|
0|335253|
0|335254|
0|335255|
0|335256|
0|335257|
0|335258|
0|335259|
0|335260|
0|335261|
0|335262|
0|335263|
0|335264|
0|335265|
0|335266|
0|335267|
0|335268|
0|335269|
0|335270|
0|335271|
0|335272|
0|335273|
0|335274|
0|335275|
0|335276|
0|335277|
0|335278|
0|335279|
0|335280|
0|335281|
0|335282|
0|335283|
0|335284|
0|335285|
0|335286|
0|335287|
0|335288|
0|335289|
0|335290|
0|335291|
0|335292|
0|335293|
0|335294|
0|335295|
0|335296|
0|335297|
0|335298|
0|335299|
0|335300|
