0|443823|
0|443824|
0|443825|
0|443826|
0|443827|
0|443828|
0|443829|
0|443830|
0|443831|
0|443832|
0|443833|
0|443834|
0|443835|
0|443836|
0|443837|
0|443838|
0|443839|
0|443840|
0|443841|
0|443842|
0|443843|
0|443844|
0|443845|
0|443846|
0|443847|
0|443848|
0|443849|
0|443850|
0|443851|
0|443852|
0|443853|
0|443854|
0|443855|
0|443856|
0|443857|
0|443858|
0|443859|
0|443860|
0|443861|
0|443862|
0|443863|
0|443864|
0|443865|
0|443866|
0|443867|
0|443868|
0|443869|
0|443870|
0|443871|
0|443872|
0|443873|
0|443874|
0|443875|
0|443876|
0|443877|
0|443878|
0|443879|
0|443880|
0|443881|
0|443882|
0|443883|
0|443884|
0|443885|
0|443886|
0|443887|
0|443888|
0|443889|
0|443890|
0|443891|
0|443892|
0|443893|
0|443894|
0|443895|
0|443896|
0|443897|
0|443898|
0|443899|
0|443900|
0|443901|
0|443902|
0|443903|
0|443904|
0|443905|
0|443906|
0|443907|
0|443908|
