0|383784|
0|383786|
0|383788|
0|383790|
0|383792|
0|383794|
0|383796|
0|383798|
0|383800|
0|383802|
0|383804|
0|383806|
0|383808|
0|383810|
0|383812|
0|383814|
0|383816|
0|383818|
0|383820|
0|383822|
0|383824|
0|383826|
0|383828|
0|383830|
0|383832|
0|383834|
0|383836|
0|383838|
0|383840|
0|383842|
0|383844|
0|383846|
0|383848|
0|383850|
0|383852|
0|383854|
0|383856|
0|383858|
0|383860|
0|383862|
0|383864|
0|383866|
0|383868|
0|383870|
0|383872|
0|383873|
0|383875|
0|383877|
0|383879|
0|383881|
0|383883|
0|383886|
0|383887|
0|383890|
0|383892|
0|383894|
0|383896|
0|383898|
0|383900|
0|383902|
0|383903|
0|383905|
0|383907|
0|383909|
0|383911|
0|383914|
0|383916|
0|383918|
0|383920|
0|383922|
0|383923|
0|383925|
0|383927|
0|383930|
0|383931|
0|383933|
0|383935|
0|383937|
0|383939|
0|383941|
0|383943|
0|383945|
0|383947|
0|383949|
0|383951|
0|383953|
0|383955|
