0|423361|
0|423362|
0|423363|
0|423364|
0|423365|
0|423366|
0|423367|
0|423368|
0|423369|
0|423370|
0|423371|
0|423372|
0|423373|
0|423374|
0|423375|
0|423376|
0|423377|
0|423378|
0|423379|
0|423380|
0|423381|
0|423382|
0|423383|
0|423384|
0|423385|
0|423386|
0|423387|
0|423388|
0|423389|
0|423390|
0|423391|
0|423392|
0|423393|
0|423394|
0|423395|
0|423396|
0|423397|
0|423398|
0|423399|
0|423400|
0|423401|
0|423402|
0|423403|
0|423404|
0|423405|
0|423406|
0|423407|
0|423408|
0|423409|
0|423410|
0|423411|
0|423412|
0|423413|
0|423414|
0|423415|
0|423416|
0|423417|
0|423418|
0|423419|
0|423420|
0|423421|
0|423422|
0|423423|
0|423424|
0|423425|
0|423426|
0|423427|
0|423428|
0|423429|
0|423430|
0|423431|
0|423432|
0|423433|
0|423434|
0|423436|
0|423438|
0|423439|
0|423440|
0|423441|
0|423442|
0|423443|
0|423444|
0|423445|
0|423446|
0|423447|
0|423448|
0|423449|
0|423450|
0|423451|
0|423452|
0|423453|
0|423454|
0|423455|
0|423456|
0|423457|
0|423458|
0|423459|
0|423460|
0|423461|
0|423462|
0|423463|
0|423464|
0|423465|
