0|404869|
0|404870|
0|404871|
0|404872|
0|404873|
0|404874|
0|404875|
0|404876|
0|404877|
0|404878|
0|404879|
0|404880|
0|404881|
0|404882|
0|404883|
0|404884|
0|404885|
0|404886|
0|404887|
0|404888|
0|404889|
0|404890|
0|404891|
0|404892|
0|404893|
0|404894|
0|404895|
0|404896|
0|404897|
0|404898|
0|404899|
0|404900|
0|404901|
0|404902|
0|404903|
0|404904|
0|404905|
0|404906|
0|404907|
0|404908|
0|404909|
0|404910|
0|404911|
0|404912|
0|404913|
0|404914|
0|404915|
0|404916|
0|404917|
0|404918|
0|404919|
0|404920|
0|404921|
0|404922|
0|404923|
0|404924|
