0|32860|
0|32861|
0|32862|
0|32863|
0|32864|
0|32865|
0|32866|
0|32867|
0|32868|
0|32869|
0|32870|
0|32871|
0|32872|
0|32873|
0|32874|
0|32875|
0|32876|
0|32877|
0|32878|
0|32879|
0|32880|
0|32881|
0|32882|
0|32883|
0|32884|
0|32885|
0|32886|
0|32887|
0|32888|
0|32889|
0|32890|
0|32891|
0|32892|
0|32893|
0|32894|
0|32895|
0|32896|
0|32897|
0|32898|
0|32899|
0|32900|
0|32901|
0|32902|
0|32903|
0|32904|
0|32905|
0|32906|
0|32907|
0|32908|
0|32909|
0|32910|
0|32911|
0|32912|
0|32913|
0|32914|
0|32915|
0|32916|
0|32917|
0|32918|
0|32919|
0|32920|
0|32921|
0|32922|
0|32923|
0|32924|
0|32925|
0|32926|
0|32927|
0|32928|
0|32929|
0|32930|
0|32931|
0|32932|
0|32933|
0|32934|
0|32935|
0|32936|
0|32937|
0|32938|
0|32939|
0|32940|
0|32941|
0|32942|
0|32943|
