0|475002|
0|475003|
0|475004|
0|475005|
0|475006|
0|475007|
0|475008|
0|475009|
0|475010|
0|475011|
0|475012|
0|475013|
0|475014|
0|475015|
0|475016|
0|475017|
0|475018|
0|475019|
0|475020|
0|475021|
0|475022|
0|475023|
0|475024|
0|475025|
0|475026|
0|475027|
0|475028|
0|475029|
0|475030|
0|475031|
0|475032|
0|475033|
0|475034|
0|475035|
0|475036|
0|475037|
0|475038|
0|475040|
0|475042|
0|475043|
0|475044|
0|475045|
0|475046|
0|475047|
0|475048|
0|475049|
0|475050|
0|475051|
0|475052|
0|475053|
0|475054|
0|475055|
0|475056|
0|475057|
0|475058|
0|475059|
0|475060|
0|475061|
0|475062|
0|475063|
0|475064|
0|475065|
0|475066|
0|475067|
0|475068|
0|475069|
0|475070|
0|475071|
0|475072|
0|475073|
0|475074|
0|475075|
0|475076|
0|475077|
0|475078|
0|475079|
0|475080|
0|475081|
0|475082|
0|475083|
0|475084|
0|475085|
0|475086|
0|475087|
0|475088|
0|475089|
0|475090|
0|475091|
0|475092|
0|475093|
0|475094|
0|475095|
0|475096|
0|475097|
0|475098|
0|475099|
