0|394095|
0|394096|
0|394097|
0|394098|
0|394099|
0|394100|
0|394101|
0|394102|
0|394103|
0|394104|
0|394105|
0|394106|
0|394107|
0|394108|
0|394109|
0|394110|
0|394111|
0|394112|
0|394113|
0|394114|
0|394115|
0|394116|
0|394117|
0|394118|
0|394119|
0|394120|
0|394121|
0|394122|
0|394123|
0|394124|
0|394125|
0|394126|
0|394127|
0|394128|
0|394129|
0|394130|
0|394131|
0|394132|
0|394133|
0|394134|
0|394136|
0|394137|
0|394138|
0|394139|
0|394140|
0|394141|
0|394142|
0|394143|
0|394144|
0|394145|
0|394146|
0|394147|
0|394148|
0|394149|
0|394150|
0|394151|
0|394152|
0|394153|
0|394154|
0|394155|
0|394156|
0|394157|
0|394158|
0|394159|
0|394160|
0|394161|
0|394162|
0|394163|
0|394164|
0|394165|
0|394166|
0|394167|
