0|347675|
0|347676|
0|347677|
0|347678|
0|347679|
0|347680|
0|347681|
0|347682|
0|347683|
0|347684|
0|347685|
0|347686|
0|347687|
0|347688|
0|347689|
0|347690|
0|347691|
0|347692|
0|347693|
0|347694|
0|347695|
0|347696|
0|347697|
0|347698|
0|347699|
0|347700|
0|347701|
0|347702|
0|347703|
0|347704|
0|347705|
0|347706|
0|347707|
0|347708|
0|347709|
0|347710|
0|347711|
0|347712|
0|347713|
0|347714|
0|347715|
0|347716|
0|347717|
0|347718|
0|347719|
0|347720|
0|347721|
0|347722|
0|347723|
0|347724|
0|347725|
0|347726|
0|347727|
0|347728|
0|347729|
0|347730|
0|347731|
0|347732|
