0|33075|
0|33076|
0|33077|
0|33078|
0|33079|
0|33080|
0|33081|
0|33082|
0|33083|
0|33084|
0|33085|
0|33086|
0|33087|
0|33088|
0|33089|
0|33090|
0|33091|
0|33092|
0|33093|
0|33094|
0|33095|
0|33096|
0|33097|
0|33098|
0|33099|
0|33100|
0|33101|
0|33102|
0|33103|
0|33104|
0|33105|
0|33106|
0|33107|
0|33108|
0|33109|
0|33110|
0|33111|
0|33112|
0|33113|
0|33114|
0|33115|
0|33116|
0|33117|
0|33118|
0|33119|
0|33120|
0|33121|
0|33122|
0|33123|
0|33124|
0|33125|
0|33126|
0|33127|
0|33128|
0|33129|
0|33130|
0|33131|
0|33132|
0|33133|
0|33134|
0|33135|
0|33136|
0|33137|
0|33138|
0|33139|
0|33140|
0|33141|
0|33142|
0|33143|
0|33144|
0|33145|
0|33146|
0|33147|
0|33148|
0|33149|
0|33150|
0|33151|
0|33152|
0|33153|
0|33154|
0|33155|
0|33156|
0|33157|
0|33158|
