0|107747|
0|107748|
0|107749|
0|107750|
0|107751|
0|107752|
0|107753|
0|107754|
0|107755|
0|107756|
0|107757|
0|107758|
0|107759|
0|107760|
0|107761|
0|107762|
0|107763|
0|107764|
0|107765|
0|107766|
0|107767|
0|107768|
0|107769|
0|107770|
0|107771|
0|107772|
0|107773|
0|107774|
0|107775|
0|107776|
0|107777|
0|107778|
0|107779|
0|107780|
0|107781|
0|107782|
0|107783|
0|107784|
0|107785|
0|107786|
0|107787|
0|107788|
0|107789|
0|107790|
0|107791|
0|107792|
0|107793|
0|107794|
0|107795|
0|107796|
0|107797|
0|107798|
0|107799|
0|107800|
0|107801|
0|107802|
0|107803|
0|107804|
0|107805|
0|107806|
0|107807|
