0|373079|
0|373080|
0|373081|
0|373082|
0|373083|
0|373084|
0|373085|
0|373086|
0|373087|
0|373088|
0|373089|
0|373090|
0|373091|
0|373092|
0|373093|
0|373094|
0|373095|
0|373096|
0|373097|
0|373098|
0|373099|
0|373100|
0|373101|
0|373102|
0|373103|
0|373104|
0|373105|
0|373106|
0|373107|
0|373108|
0|373109|
0|373110|
0|373111|
0|373112|
0|373113|
0|373114|
0|373115|
0|373116|
0|373117|
0|373118|
0|373119|
0|373120|
0|373121|
0|373122|
0|373123|
0|373124|
0|373125|
0|373126|
0|373127|
0|373128|
0|373129|
0|373130|
0|373131|
0|373132|
0|373133|
0|373134|
0|373135|
0|373136|
0|373137|
0|373138|
0|373139|
0|373140|
0|373141|
0|373142|
0|373143|
0|373144|
0|373145|
