0|690838|
0|690839|
0|690840|
0|690841|
0|690842|
0|690843|
0|690844|
0|690845|
0|690846|
0|690847|
0|690848|
0|690849|
0|690850|
0|690851|
0|690852|
0|690853|
0|690854|
0|690855|
0|690856|
0|690857|
0|690858|
0|690859|
0|690860|
0|690861|
0|690862|
0|690863|
0|690864|
0|690865|
0|690866|
0|690867|
0|690868|
0|690869|
0|690870|
0|690871|
0|690872|
0|690873|
0|690874|
0|690875|
0|690876|
0|690877|
0|690878|
0|690879|
0|690880|
0|690881|
0|690882|
0|690883|
0|690884|
0|690885|
0|690886|
0|690887|
0|690888|
