0|496269|
0|496271|
0|496273|
0|496275|
0|496277|
0|496279|
0|496281|
0|496283|
0|496285|
0|496287|
0|496289|
0|496291|
0|496293|
0|496295|
0|496297|
0|496299|
0|496301|
0|496303|
0|496305|
0|496307|
0|496309|
0|496311|
0|496313|
0|496315|
0|496317|
0|496319|
0|496321|
0|496323|
0|496325|
0|496327|
0|496329|
0|496331|
0|496333|
0|496335|
0|496337|
0|496339|
0|496340|
0|496341|
0|496342|
0|496343|
0|496344|
0|496345|
0|496346|
0|496347|
0|496348|
0|496349|
0|496350|
0|496351|
0|496352|
0|496353|
0|496354|
0|496355|
0|496356|
0|496357|
0|496358|
0|496359|
0|496360|
0|496361|
0|496362|
0|496363|
0|496364|
0|496365|
0|496366|
0|496367|
0|496368|
0|496369|
0|496370|
0|496371|
0|496372|
0|496373|
0|496374|
0|496375|
0|496376|
0|496377|
0|496378|
0|496379|
0|496380|
0|496381|
0|496382|
0|496383|
0|496384|
0|496385|
0|496386|
0|496387|
0|496388|
0|496389|
0|496390|
0|496391|
0|496392|
0|496393|
0|496394|
0|496395|
0|496396|
0|496397|
0|496398|
0|496399|
0|496400|
0|496401|
0|496402|
0|496403|
0|496404|
0|496405|
0|496406|
0|496407|
0|496408|
0|496409|
0|496410|
0|496411|
0|496412|
