0|601044|
0|601045|
0|601046|
0|601047|
0|601048|
0|601049|
0|601050|
0|601051|
0|601052|
0|601053|
0|601055|
0|601057|
0|601059|
0|601061|
0|601063|
0|601065|
0|601067|
0|601069|
0|601071|
0|601072|
0|601073|
0|601074|
0|601075|
0|601076|
0|601077|
0|601078|
0|601079|
0|601080|
0|601081|
0|601082|
0|601083|
0|601084|
0|601085|
0|601086|
0|601087|
0|601088|
0|601089|
0|601090|
0|601091|
0|601092|
0|601093|
0|601094|
0|601095|
0|601096|
0|601097|
0|601098|
0|601099|
0|601100|
0|601101|
0|601102|
0|601103|
0|601104|
0|601105|
0|601106|
0|601107|
0|601108|
0|601109|
0|601110|
0|601111|
0|601112|
0|601113|
0|601114|
0|601115|
0|601116|
0|601117|
0|601118|
0|601119|
0|601120|
0|601121|
0|601122|
0|601123|
0|601124|
0|601125|
0|601126|
0|601127|
0|601128|
0|601129|
0|601130|
0|601131|
0|601132|
0|601133|
0|601134|
0|601135|
0|601136|
0|601137|
0|601138|
0|601139|
0|601140|
0|601141|
0|601142|
0|601143|
0|601144|
0|601145|
0|601146|
0|601147|
0|601148|
0|601149|
0|601150|
0|601151|
0|601152|
