0|370253|
0|370254|
0|370255|
0|370256|
0|370257|
0|370258|
0|370259|
0|370260|
0|370261|
0|370262|
0|370263|
0|370264|
0|370265|
0|370266|
0|370267|
0|370268|
0|370269|
0|370270|
0|370271|
0|370272|
0|370273|
0|370274|
0|370275|
0|370276|
0|370277|
0|370278|
0|370279|
0|370280|
0|370281|
0|370282|
0|370283|
0|370284|
0|370285|
0|370286|
0|370287|
0|370288|
0|370289|
0|370290|
0|370291|
0|370292|
0|370293|
0|370294|
0|370295|
0|370296|
0|370297|
0|370298|
0|370299|
0|370301|
0|370302|
0|370303|
0|370304|
