0|206744|
0|206745|
0|206746|
0|206747|
0|206748|
0|206749|
0|206750|
0|206751|
0|206752|
0|206753|
0|206754|
0|206755|
0|206756|
0|206757|
0|206758|
0|206759|
0|206760|
0|206761|
0|206762|
0|206763|
0|206764|
0|206765|
0|206766|
0|206767|
0|206768|
0|206769|
0|206770|
0|206771|
0|206772|
0|206773|
0|206774|
0|206775|
0|206776|
0|206777|
0|206778|
0|206779|
0|206780|
0|206781|
0|206782|
0|206783|
0|206784|
0|206785|
0|206786|
0|206787|
0|206788|
0|206789|
0|206790|
0|206791|
0|206792|
0|206793|
0|206794|
0|206795|
0|206796|
0|206797|
0|206798|
0|206799|
0|206800|
0|206801|
0|206802|
0|206803|
0|206804|
0|206805|
