0|440280|
0|440282|
0|440283|
0|440284|
0|440286|
0|440289|
0|440290|
0|440292|
0|440294|
0|440295|
0|440296|
0|440297|
0|440298|
0|440299|
0|440300|
0|440301|
0|440302|
0|440303|
0|440304|
0|440305|
0|440306|
0|440307|
0|440308|
0|440309|
0|440310|
0|440311|
0|440312|
0|440313|
0|440314|
0|440315|
0|440316|
0|440317|
0|440318|
0|440319|
0|440320|
0|440321|
0|440322|
0|440323|
0|440324|
0|440325|
0|440326|
0|440327|
0|440328|
0|440329|
0|440330|
0|440331|
0|440332|
0|440333|
0|440334|
0|440335|
0|440336|
