0|231632|
0|231633|
0|231634|
0|231635|
0|231636|
0|231637|
0|231638|
0|231639|
0|231640|
0|231641|
0|231642|
0|231643|
0|231644|
0|231645|
0|231646|
0|231647|
0|231648|
0|231649|
0|231650|
0|231651|
0|231652|
0|231653|
0|231654|
0|231655|
0|231656|
0|231657|
0|231659|
0|231660|
0|231661|
0|231662|
0|231663|
0|231664|
0|231665|
0|231666|
0|231667|
0|231668|
0|231669|
0|231670|
0|231671|
0|231672|
0|231673|
0|231674|
0|231675|
0|231676|
0|231677|
0|231678|
0|231679|
0|231680|
0|231681|
0|231682|
0|231683|
0|231684|
0|231685|
0|231686|
0|231687|
0|231688|
0|231689|
0|231690|
0|231692|
0|231694|
