0|86029|
0|86030|
0|86031|
0|86032|
0|86033|
0|86034|
0|86035|
0|86036|
0|86037|
0|86038|
0|86039|
0|86040|
0|86041|
0|86042|
0|86043|
0|86044|
0|86045|
0|86046|
0|86047|
0|86048|
0|86049|
0|86050|
0|86051|
0|86052|
0|86053|
0|86054|
0|86055|
0|86056|
0|86057|
0|86058|
0|86059|
0|86060|
0|86061|
0|86062|
0|86063|
0|86064|
0|86065|
0|86066|
0|86067|
0|86068|
0|86069|
0|86070|
0|86071|
0|86072|
0|86073|
0|86074|
0|86075|
0|86076|
0|86077|
0|86078|
0|86079|
0|86080|
0|86081|
0|86082|
0|86083|
0|86084|
0|86085|
0|86086|
