0|259848|
0|259849|
0|259850|
0|259851|
0|259852|
0|259853|
0|259854|
0|259855|
0|259856|
0|259857|
0|259858|
0|259859|
0|259860|
0|259861|
0|259862|
0|259863|
0|259864|
0|259865|
0|259866|
0|259867|
0|259868|
0|259869|
0|259870|
0|259871|
0|259872|
0|259873|
0|259874|
0|259875|
0|259876|
0|259877|
0|259878|
0|259879|
0|259880|
0|259881|
0|259882|
0|259883|
0|259884|
0|259885|
0|259886|
0|259887|
0|259888|
0|259889|
0|259890|
0|259891|
0|259892|
0|259893|
0|259894|
0|259895|
0|259896|
0|259897|
0|259898|
0|259899|
0|259900|
0|259901|
0|259902|
0|259903|
0|259904|
0|259905|
0|259906|
0|259907|
0|259908|
0|259909|
0|259910|
0|259911|
0|259912|
0|259913|
0|259915|
0|259917|
0|259919|
0|259921|
0|259922|
0|259923|
0|259924|
0|259925|
0|259926|
0|259927|
