0|544050|
0|544051|
0|544052|
0|544053|
0|544054|
0|544055|
0|544056|
0|544057|
0|544058|
0|544059|
0|544060|
0|544061|
0|544062|
0|544063|
0|544064|
0|544065|
0|544066|
0|544067|
0|544068|
0|544069|
0|544070|
0|544071|
0|544072|
0|544073|
0|544074|
0|544075|
0|544076|
0|544077|
0|544078|
0|544079|
0|544080|
0|544081|
0|544082|
0|544083|
0|544084|
0|544085|
0|544086|
0|544087|
0|544088|
0|544089|
0|544090|
0|544091|
0|544092|
0|544093|
0|544094|
0|544095|
0|544096|
0|544097|
0|544098|
0|544099|
0|544100|
0|544101|
0|544102|
0|544103|
0|544104|
0|544105|
0|544106|
0|544107|
0|544108|
0|544109|
0|544110|
0|544111|
0|544112|
0|544113|
0|544114|
0|544115|
0|544116|
0|544117|
