0|731007|
0|731008|
0|731009|
0|731010|
0|731011|
0|731012|
0|731013|
0|731014|
0|731015|
0|731016|
0|731017|
0|731018|
0|731019|
0|731020|
0|731021|
0|731022|
0|731023|
0|731024|
0|731025|
0|731026|
0|731027|
0|731028|
0|731029|
0|731030|
0|731031|
0|731032|
0|731033|
0|731034|
0|731035|
0|731036|
0|731037|
0|731038|
0|731039|
0|731040|
0|731041|
0|731042|
0|731043|
0|731044|
0|731045|
0|731046|
0|731047|
0|731048|
0|731049|
0|731050|
0|731051|
0|731052|
0|731053|
0|731054|
0|731055|
0|731056|
0|731057|
0|731058|
0|731059|
0|731060|
0|731061|
0|731062|
0|731063|
0|731064|
0|731065|
0|731066|
0|731067|
0|731068|
0|731069|
0|731071|
0|731073|
0|731074|
0|731075|
0|731076|
0|731077|
0|731078|
0|731079|
0|731080|
0|731081|
0|731082|
0|731083|
0|731084|
0|731085|
0|731086|
0|731087|
0|731088|
0|731089|
0|731090|
0|731091|
0|731092|
0|731093|
0|731094|
0|731095|
0|731096|
0|731097|
0|731098|
0|731099|
0|731100|
0|731101|
0|731102|
0|731103|
0|731104|
0|731105|
0|731106|
