0|653510|
0|653511|
0|653512|
0|653513|
0|653514|
0|653515|
0|653516|
0|653517|
0|653518|
0|653519|
0|653520|
0|653521|
0|653522|
0|653523|
0|653524|
0|653525|
0|653526|
0|653527|
0|653528|
0|653529|
0|653530|
0|653531|
0|653532|
0|653533|
0|653534|
0|653535|
0|653536|
0|653537|
0|653538|
0|653539|
0|653540|
0|653541|
0|653542|
0|653543|
0|653544|
0|653545|
0|653546|
0|653547|
0|653548|
0|653549|
0|653550|
0|653551|
0|653552|
0|653553|
0|653554|
0|653555|
0|653556|
0|653557|
0|653558|
0|653559|
0|653560|
0|653561|
0|653562|
0|653563|
0|653564|
0|653565|
0|653566|
0|653567|
0|653568|
0|653569|
0|653570|
0|653571|
0|653572|
0|653573|
0|653574|
0|653575|
0|653576|
0|653577|
0|653578|
0|653579|
0|653580|
0|653581|
0|653582|
0|653583|
0|653584|
0|653585|
0|653586|
0|653587|
