0|394306|
0|394308|
0|394310|
0|394312|
0|394314|
0|394316|
0|394318|
0|394320|
0|394322|
0|394324|
0|394326|
0|394328|
0|394330|
0|394332|
0|394334|
0|394336|
0|394337|
0|394338|
0|394339|
0|394340|
0|394341|
0|394342|
0|394343|
0|394344|
0|394345|
0|394346|
0|394347|
0|394348|
0|394349|
0|394350|
0|394351|
0|394352|
0|394353|
0|394354|
0|394355|
0|394356|
0|394357|
0|394358|
0|394359|
0|394360|
0|394361|
0|394362|
0|394363|
0|394364|
0|394365|
0|394366|
0|394367|
0|394368|
0|394369|
0|394370|
0|394371|
0|394372|
0|394373|
0|394374|
0|394375|
0|394376|
0|394377|
0|394378|
0|394379|
0|394380|
0|394381|
0|394382|
0|394383|
0|394384|
0|394385|
0|394386|
0|394387|
0|394388|
0|394389|
0|394390|
