0|597720|
0|597721|
0|597722|
0|597723|
0|597724|
0|597725|
0|597726|
0|597727|
0|597728|
0|597730|
0|597732|
0|597733|
0|597734|
0|597735|
0|597736|
0|597737|
0|597738|
0|597739|
0|597740|
0|597741|
0|597743|
0|597745|
0|597746|
0|597747|
0|597748|
0|597749|
0|597750|
0|597751|
0|597752|
0|597753|
0|597754|
0|597755|
0|597756|
0|597757|
0|597758|
0|597759|
0|597760|
0|597761|
0|597762|
0|597763|
0|597764|
0|597765|
0|597766|
0|597767|
0|597768|
0|597769|
0|597770|
0|597771|
0|597772|
0|597773|
0|597774|
0|597775|
0|597776|
0|597777|
0|597778|
0|597779|
0|597780|
0|597781|
0|597782|
0|597783|
0|597784|
0|597785|
0|597786|
0|597787|
0|597788|
0|597789|
0|597790|
0|597791|
0|597792|
0|597793|
