0|167475|
0|167476|
0|167477|
0|167478|
0|167479|
0|167480|
0|167481|
0|167482|
0|167483|
0|167484|
0|167485|
0|167486|
0|167487|
0|167488|
0|167489|
0|167490|
0|167491|
0|167492|
0|167493|
0|167494|
0|167495|
0|167496|
0|167497|
0|167498|
0|167499|
0|167500|
0|167501|
0|167502|
0|167503|
0|167504|
0|167505|
0|167506|
0|167507|
0|167508|
0|167509|
0|167510|
0|167511|
0|167512|
0|167513|
0|167514|
0|167515|
0|167516|
0|167517|
0|167518|
0|167519|
0|167520|
0|167521|
0|167522|
0|167523|
0|167524|
0|167525|
0|167526|
