0|248236|
0|248237|
0|248238|
0|248239|
0|248240|
0|248241|
0|248242|
0|248243|
0|248244|
0|248245|
0|248246|
0|248247|
0|248248|
0|248249|
0|248250|
0|248251|
0|248252|
0|248253|
0|248254|
0|248255|
0|248256|
0|248257|
0|248258|
0|248259|
0|248260|
0|248261|
0|248262|
0|248263|
0|248264|
0|248265|
0|248266|
0|248267|
0|248268|
0|248270|
0|248271|
0|248272|
0|248273|
0|248274|
0|248275|
0|248276|
0|248277|
0|248278|
0|248279|
0|248280|
0|248281|
0|248282|
0|248283|
0|248284|
0|248285|
0|248286|
0|248287|
0|248288|
