0|407516|
0|407517|
0|407518|
0|407519|
0|407520|
0|407521|
0|407522|
0|407523|
0|407524|
0|407525|
0|407526|
0|407527|
0|407528|
0|407529|
0|407530|
0|407531|
0|407532|
0|407533|
0|407534|
0|407535|
0|407536|
0|407537|
0|407538|
0|407539|
0|407540|
0|407541|
0|407542|
0|407543|
0|407544|
0|407545|
0|407546|
0|407547|
0|407548|
0|407549|
0|407550|
0|407551|
0|407552|
0|407553|
0|407554|
0|407555|
0|407556|
0|407557|
0|407558|
0|407559|
0|407560|
0|407561|
0|407562|
0|407563|
0|407564|
0|407565|
0|407566|
0|407567|
0|407568|
0|407569|
0|407570|
0|407571|
0|407572|
0|407573|
0|407574|
0|407575|
0|407576|
0|407577|
0|407578|
0|407579|
0|407580|
0|407581|
0|407582|
0|407583|
0|407584|
0|407585|
0|407586|
0|407587|
0|407588|
0|407589|
0|407590|
0|407591|
0|407592|
0|407593|
0|407594|
0|407595|
0|407596|
0|407597|
0|407598|
0|407599|
0|407600|
