0|223131|
0|223132|
0|223133|
0|223134|
0|223135|
0|223136|
0|223137|
0|223138|
0|223139|
0|223140|
0|223141|
0|223142|
0|223143|
0|223144|
0|223145|
0|223146|
0|223147|
0|223148|
0|223149|
0|223150|
0|223151|
0|223152|
0|223153|
0|223154|
0|223155|
0|223156|
0|223157|
0|223158|
0|223159|
0|223160|
0|223161|
0|223162|
0|223163|
0|223164|
0|223165|
0|223166|
0|223167|
0|223168|
0|223169|
0|223170|
0|223171|
0|223172|
0|223173|
0|223174|
0|223175|
0|223176|
0|223177|
0|223178|
0|223179|
0|223180|
0|223181|
