0|189487|
0|189488|
0|189489|
0|189490|
0|189491|
0|189492|
0|189493|
0|189494|
0|189495|
0|189497|
0|189499|
0|189500|
0|189501|
0|189502|
0|189503|
0|189504|
0|189505|
0|189506|
0|189507|
0|189508|
0|189509|
0|189510|
0|189511|
0|189512|
0|189513|
0|189514|
0|189515|
0|189516|
0|189517|
0|189518|
0|189519|
0|189520|
0|189521|
0|189522|
0|189523|
0|189524|
0|189525|
0|189526|
0|189527|
0|189528|
0|189529|
0|189530|
0|189531|
0|189532|
0|189533|
0|189534|
0|189535|
0|189536|
0|189537|
0|189538|
0|189539|
0|189540|
0|189543|
