0|387282|
0|387283|
0|387284|
0|387285|
0|387286|
0|387287|
0|387288|
0|387289|
0|387290|
0|387291|
0|387292|
0|387293|
0|387294|
0|387295|
0|387296|
0|387297|
0|387298|
0|387299|
0|387300|
0|387301|
0|387302|
0|387303|
0|387304|
0|387305|
0|387306|
0|387307|
0|387308|
0|387309|
0|387310|
0|387311|
0|387312|
0|387313|
0|387314|
0|387315|
0|387316|
0|387317|
0|387318|
0|387319|
0|387320|
0|387321|
0|387322|
0|387323|
0|387324|
0|387325|
0|387326|
0|387327|
0|387328|
0|387329|
0|387330|
0|387332|
0|387333|
0|387334|
0|387335|
0|387336|
0|387337|
0|387338|
0|387339|
0|387340|
0|387341|
0|387342|
0|387343|
0|387344|
