0|670083|
0|670084|
0|670085|
0|670086|
0|670087|
0|670088|
0|670089|
0|670090|
0|670091|
0|670092|
0|670093|
0|670094|
0|670095|
0|670096|
0|670097|
0|670098|
0|670099|
0|670100|
0|670101|
0|670102|
0|670103|
0|670104|
0|670105|
0|670106|
0|670107|
0|670108|
0|670109|
0|670110|
0|670111|
0|670112|
0|670113|
0|670114|
0|670115|
0|670116|
0|670117|
0|670118|
0|670119|
0|670120|
0|670121|
0|670122|
0|670123|
0|670124|
0|670125|
0|670126|
0|670127|
0|670128|
0|670129|
0|670130|
0|670131|
0|670132|
0|670133|
0|670134|
0|670135|
0|670136|
0|670137|
0|670138|
0|670140|
0|670142|
0|670143|
0|670144|
0|670145|
0|670146|
0|670147|
0|670148|
0|670149|
0|670150|
0|670151|
0|670152|
0|670153|
0|670154|
0|670155|
0|670156|
0|670157|
0|670158|
0|670159|
0|670160|
0|670161|
0|670162|
0|670163|
0|670164|
0|670165|
0|670166|
