0|231229|
0|231230|
0|231231|
0|231232|
0|231233|
0|231234|
0|231235|
0|231236|
0|231237|
0|231238|
0|231239|
0|231240|
0|231241|
0|231242|
0|231243|
0|231244|
0|231245|
0|231246|
0|231247|
0|231248|
0|231249|
0|231250|
0|231251|
0|231252|
0|231253|
0|231254|
0|231255|
0|231256|
0|231257|
0|231258|
0|231259|
0|231260|
0|231261|
0|231262|
0|231263|
0|231264|
0|231265|
0|231266|
0|231267|
0|231268|
0|231269|
0|231270|
0|231271|
0|231272|
0|231273|
0|231274|
0|231275|
0|231276|
0|231277|
0|231278|
0|231279|
0|231280|
0|231281|
0|231282|
0|231283|
0|231284|
0|231285|
0|231286|
0|231287|
0|231288|
0|231289|
0|231290|
0|231291|
0|231292|
0|231293|
