0|305883|
0|305884|
0|305885|
0|305886|
0|305887|
0|305888|
0|305889|
0|305890|
0|305891|
0|305892|
0|305893|
0|305894|
0|305895|
0|305896|
0|305897|
0|305898|
0|305899|
0|305900|
0|305901|
0|305902|
0|305903|
0|305904|
0|305905|
0|305906|
0|305907|
0|305908|
0|305909|
0|305910|
0|305911|
0|305912|
0|305913|
0|305914|
0|305915|
0|305916|
0|305917|
0|305918|
0|305919|
0|305920|
0|305921|
0|305922|
0|305923|
0|305924|
0|305925|
0|305926|
0|305927|
0|305928|
0|305929|
0|305930|
0|305931|
0|305932|
0|305933|
0|305934|
0|305935|
0|305936|
0|305937|
0|305938|
0|305939|
0|305940|
0|305941|
0|305942|
0|305943|
0|305944|
0|305945|
0|305946|
0|305947|
0|305948|
0|305949|
