0|723342|
0|723343|
0|723344|
0|723345|
0|723346|
0|723347|
0|723348|
0|723349|
0|723350|
0|723351|
0|723352|
0|723353|
0|723354|
0|723355|
0|723356|
0|723357|
0|723358|
0|723359|
0|723360|
0|723361|
0|723362|
0|723363|
0|723364|
0|723365|
0|723366|
0|723367|
0|723368|
0|723369|
0|723370|
0|723371|
0|723372|
0|723373|
0|723374|
0|723375|
0|723376|
0|723377|
0|723378|
0|723379|
0|723380|
0|723381|
0|723382|
0|723383|
0|723384|
0|723385|
0|723386|
0|723387|
0|723388|
0|723390|
0|723392|
0|723393|
0|723394|
0|723395|
0|723396|
0|723397|
0|723398|
0|723399|
0|723400|
0|723401|
0|723402|
0|723403|
0|723404|
0|723405|
0|723406|
0|723407|
0|723408|
0|723409|
0|723410|
0|723411|
0|723412|
0|723413|
0|723414|
0|723415|
0|723416|
0|723417|
0|723418|
0|723419|
0|723420|
0|723421|
0|723422|
0|723423|
0|723424|
0|723425|
0|723426|
0|723427|
0|723428|
0|723429|
0|723430|
0|723431|
0|723432|
0|723433|
0|723434|
0|723435|
0|723436|
0|723437|
0|723438|
0|723439|
