0|432077|
0|432078|
0|432079|
0|432080|
0|432081|
0|432082|
0|432083|
0|432084|
0|432085|
0|432086|
0|432087|
0|432088|
0|432089|
0|432090|
0|432091|
0|432092|
0|432093|
0|432094|
0|432095|
0|432096|
0|432097|
0|432098|
0|432099|
0|432100|
0|432101|
0|432102|
0|432103|
0|432104|
0|432105|
0|432106|
0|432107|
0|432108|
0|432109|
0|432110|
0|432111|
0|432112|
0|432113|
0|432114|
0|432115|
0|432116|
0|432117|
0|432118|
0|432119|
0|432120|
0|432121|
0|432122|
0|432123|
0|432124|
0|432125|
0|432126|
0|432127|
0|432128|
0|432129|
0|432130|
0|432131|
0|432132|
0|432133|
0|432134|
0|432135|
0|432136|
0|432137|
0|432138|
0|432139|
0|432140|
0|432141|
0|432142|
0|432143|
0|432144|
0|432145|
0|432146|
0|432147|
0|432148|
0|432149|
0|432150|
0|432151|
0|432152|
