0|590339|
0|590340|
0|590341|
0|590342|
0|590343|
0|590344|
0|590345|
0|590346|
0|590347|
0|590348|
0|590349|
0|590350|
0|590351|
0|590352|
0|590353|
0|590354|
0|590355|
0|590356|
0|590357|
0|590358|
0|590359|
0|590360|
0|590361|
0|590362|
0|590363|
0|590364|
0|590365|
0|590366|
0|590367|
0|590368|
0|590369|
0|590370|
0|590371|
0|590372|
0|590373|
0|590374|
0|590375|
0|590376|
0|590377|
0|590378|
0|590379|
0|590380|
0|590381|
0|590382|
0|590383|
0|590384|
0|590385|
0|590386|
0|590387|
0|590388|
0|590389|
0|590390|
0|590391|
0|590392|
0|590393|
0|590394|
0|590395|
0|590396|
0|590397|
0|590398|
0|590399|
0|590400|
0|590401|
0|590402|
0|590403|
0|590404|
0|590405|
0|590406|
0|590407|
0|590408|
0|590409|
0|590410|
0|590411|
0|590412|
0|590413|
0|590414|
0|590415|
0|590416|
0|590417|
0|590418|
