0|655151|
0|655152|
0|655153|
0|655154|
0|655155|
0|655156|
0|655157|
0|655158|
0|655159|
0|655160|
0|655161|
0|655162|
0|655163|
0|655164|
0|655165|
0|655166|
0|655167|
0|655168|
0|655169|
0|655170|
0|655171|
0|655172|
0|655173|
0|655174|
0|655175|
0|655176|
0|655177|
0|655178|
0|655179|
0|655180|
0|655181|
0|655182|
0|655183|
0|655184|
0|655185|
0|655186|
0|655187|
0|655188|
0|655189|
0|655190|
0|655191|
0|655192|
0|655193|
0|655194|
0|655195|
0|655196|
0|655197|
0|655198|
0|655199|
0|655200|
0|655201|
0|655202|
0|655203|
0|655204|
0|655205|
0|655206|
0|655207|
0|655208|
0|655209|
0|655210|
0|655211|
0|655212|
0|655213|
0|655214|
0|655215|
0|655216|
0|655217|
0|655218|
0|655219|
0|655220|
0|655221|
0|655222|
0|655223|
0|655224|
0|655225|
0|655226|
0|655227|
0|655228|
0|655229|
0|655230|
0|655231|
0|655232|
0|655233|
0|655234|
0|655235|
0|655236|
0|655237|
0|655238|
