0|62009|
0|62010|
0|62011|
0|62012|
0|62013|
0|62014|
0|62015|
0|62016|
0|62017|
0|62018|
0|62019|
0|62020|
0|62021|
0|62022|
0|62023|
0|62024|
0|62025|
0|62026|
0|62027|
0|62028|
0|62029|
0|62030|
0|62031|
0|62032|
0|62033|
0|62034|
0|62035|
0|62036|
0|62037|
0|62038|
0|62039|
0|62040|
0|62041|
0|62043|
0|62044|
0|62045|
0|62046|
0|62047|
0|62048|
0|62049|
0|62050|
0|62051|
0|62052|
0|62053|
0|62054|
0|62055|
0|62056|
0|62057|
0|62058|
0|62059|
0|62060|
0|62061|
0|62062|
0|62063|
0|62064|
0|62065|
0|62066|
0|62067|
0|62068|
0|62069|
0|62070|
0|62071|
0|62072|
0|62073|
0|62074|
0|62075|
