0|153627|
0|153628|
0|153629|
0|153630|
0|153631|
0|153632|
0|153633|
0|153634|
0|153635|
0|153636|
0|153637|
0|153638|
0|153639|
0|153640|
0|153641|
0|153642|
0|153643|
0|153644|
0|153645|
0|153646|
0|153647|
0|153648|
0|153649|
0|153650|
0|153651|
0|153652|
0|153653|
0|153654|
0|153655|
0|153656|
0|153657|
0|153658|
0|153659|
0|153660|
0|153661|
0|153662|
0|153663|
0|153664|
0|153665|
0|153666|
0|153667|
0|153668|
0|153669|
0|153670|
0|153671|
0|153672|
0|153673|
0|153674|
0|153675|
0|153676|
0|153677|
0|153678|
0|153679|
0|153680|
0|153681|
0|153682|
0|153683|
0|153684|
0|153685|
0|153686|
0|153687|
