0|696353|
0|696354|
0|696355|
0|696356|
0|696357|
0|696358|
0|696359|
0|696360|
0|696361|
0|696362|
0|696363|
0|696364|
0|696365|
0|696366|
0|696367|
0|696368|
0|696369|
0|696370|
0|696371|
0|696372|
0|696373|
0|696374|
0|696375|
0|696376|
0|696377|
0|696378|
0|696379|
0|696380|
0|696381|
0|696382|
0|696383|
0|696384|
0|696385|
0|696386|
0|696387|
0|696388|
0|696389|
0|696390|
0|696391|
0|696392|
0|696393|
0|696394|
0|696395|
0|696396|
0|696397|
0|696398|
0|696399|
0|696400|
0|696401|
0|696402|
0|696403|
0|696404|
0|696405|
0|696406|
0|696407|
0|696408|
0|696409|
0|696410|
0|696411|
0|696412|
0|696413|
0|696414|
0|696415|
0|696416|
0|696417|
0|696418|
0|696419|
0|696420|
0|696421|
