0|699768|
0|699769|
0|699770|
0|699771|
0|699772|
0|699773|
0|699774|
0|699775|
0|699776|
0|699777|
0|699778|
0|699779|
0|699780|
0|699781|
0|699782|
0|699783|
0|699784|
0|699786|
0|699788|
0|699790|
0|699792|
0|699794|
0|699796|
0|699798|
0|699800|
0|699802|
0|699804|
0|699807|
0|699809|
0|699813|
0|699815|
0|699818|
0|699821|
0|699824|
0|699829|
0|699832|
0|699836|
0|699840|
0|699845|
0|699849|
0|699853|
0|699857|
0|699860|
0|699864|
0|699869|
0|699874|
0|699878|
0|699882|
0|699886|
0|699889|
0|699892|
0|699896|
0|699900|
0|699904|
0|699908|
0|699912|
0|699916|
0|699920|
0|699924|
0|699928|
0|699932|
0|699936|
0|699940|
0|699944|
0|699948|
0|699952|
0|699956|
0|699960|
0|699964|
0|699968|
0|699972|
