0|50060|
0|50061|
0|50062|
0|50063|
0|50064|
0|50065|
0|50066|
0|50067|
0|50068|
0|50069|
0|50070|
0|50071|
0|50072|
0|50073|
0|50074|
0|50075|
0|50076|
0|50077|
0|50078|
0|50079|
0|50080|
0|50081|
0|50082|
0|50083|
0|50084|
0|50085|
0|50086|
0|50087|
0|50088|
0|50089|
0|50090|
0|50091|
0|50092|
0|50093|
0|50094|
0|50095|
0|50096|
0|50097|
0|50098|
0|50099|
0|50100|
0|50101|
0|50102|
0|50103|
0|50104|
0|50105|
0|50106|
0|50107|
0|50108|
0|50109|
0|50110|
0|50111|
0|50112|
0|50113|
0|50114|
0|50115|
0|50116|
0|50117|
0|50118|
0|50119|
0|50120|
0|50121|
0|50122|
0|50123|
0|50124|
0|50125|
0|50126|
0|50127|
0|50128|
0|50129|
0|50130|
0|50131|
0|50132|
0|50133|
0|50134|
0|50135|
0|50137|
0|50138|
0|50139|
0|50140|
0|50141|
0|50142|
0|50143|
0|50144|
0|50145|
0|50146|
0|50147|
0|50148|
0|50149|
0|50150|
0|50151|
0|50152|
0|50153|
0|50155|
0|50156|
0|50157|
0|50158|
0|50159|
0|50160|
0|50161|
0|50162|
0|50163|
0|50164|
0|50165|
0|50166|
0|50167|
0|50168|
0|50169|
0|50170|
0|50171|
0|50172|
0|50173|
0|50174|
0|50175|
0|50176|
0|50177|
0|50178|
0|50179|
0|50180|
0|50181|
0|50182|
