0|687447|
0|687448|
0|687449|
0|687450|
0|687451|
0|687452|
0|687454|
0|687456|
0|687457|
0|687458|
0|687459|
0|687460|
0|687461|
0|687462|
0|687463|
0|687464|
0|687465|
0|687466|
0|687467|
0|687468|
0|687469|
0|687470|
0|687471|
0|687472|
0|687473|
0|687474|
0|687475|
0|687476|
0|687477|
0|687478|
0|687479|
0|687480|
0|687481|
0|687482|
0|687483|
0|687484|
0|687485|
0|687486|
0|687487|
0|687488|
0|687489|
0|687490|
0|687491|
0|687492|
0|687493|
0|687494|
0|687495|
0|687496|
0|687497|
0|687498|
0|687499|
0|687500|
0|687501|
0|687502|
0|687503|
0|687504|
0|687505|
0|687506|
0|687507|
0|687508|
0|687509|
0|687510|
0|687511|
0|687512|
0|687513|
0|687514|
0|687515|
0|687516|
0|687517|
0|687518|
0|687519|
0|687520|
0|687521|
0|687522|
0|687523|
0|687524|
0|687525|
0|687526|
0|687527|
0|687528|
0|687529|
0|687530|
0|687531|
0|687532|
0|687533|
0|687534|
0|687535|
0|687536|
0|687537|
0|687538|
