0|325991|
0|325992|
0|325993|
0|325994|
0|325995|
0|325996|
0|325997|
0|325998|
0|325999|
0|326000|
0|326001|
0|326002|
0|326003|
0|326004|
0|326005|
0|326006|
0|326007|
0|326008|
0|326009|
0|326010|
0|326011|
0|326012|
0|326013|
0|326014|
0|326015|
0|326016|
0|326017|
0|326018|
0|326019|
0|326020|
0|326021|
0|326022|
0|326023|
0|326024|
0|326025|
0|326026|
0|326027|
0|326028|
0|326029|
0|326030|
0|326031|
0|326032|
0|326033|
0|326034|
0|326035|
0|326036|
0|326037|
0|326038|
0|326039|
0|326040|
0|326041|
0|326042|
0|326043|
0|326044|
0|326045|
0|326046|
0|326047|
0|326048|
0|326049|
0|326050|
0|326051|
0|326052|
0|326053|
0|326054|
0|326055|
0|326056|
0|326057|
0|326058|
0|326059|
0|326060|
0|326061|
0|326062|
0|326063|
0|326064|
0|326065|
0|326066|
0|326067|
0|326068|
0|326069|
0|326070|
0|326071|
0|326072|
0|326073|
0|326074|
0|326075|
0|326076|
0|326077|
