0|355933|
0|355934|
0|355935|
0|355936|
0|355937|
0|355938|
0|355939|
0|355940|
0|355941|
0|355942|
0|355943|
0|355944|
0|355945|
0|355946|
0|355947|
0|355948|
0|355949|
0|355950|
0|355951|
0|355952|
0|355953|
0|355954|
0|355955|
0|355956|
0|355957|
0|355958|
0|355959|
0|355960|
0|355961|
0|355962|
0|355963|
0|355964|
0|355965|
0|355966|
0|355967|
0|355969|
0|355970|
0|355971|
0|355972|
0|355973|
0|355975|
0|355976|
0|355977|
0|355978|
0|355980|
0|355981|
0|355982|
0|355983|
0|355984|
0|355985|
0|355986|
0|355987|
0|355988|
0|355989|
0|355990|
0|355991|
0|355992|
0|355993|
0|355994|
0|355995|
0|355996|
0|355997|
0|355998|
0|355999|
0|356000|
0|356001|
0|356002|
0|356003|
0|356004|
0|356005|
0|356006|
0|356007|
0|356008|
0|356009|
0|356010|
