0|659825|
0|659826|
0|659827|
0|659828|
0|659829|
0|659830|
0|659831|
0|659832|
0|659833|
0|659834|
0|659835|
0|659836|
0|659837|
0|659838|
0|659839|
0|659840|
0|659841|
0|659842|
0|659843|
0|659844|
0|659845|
0|659846|
0|659847|
0|659848|
0|659849|
0|659850|
0|659851|
0|659852|
0|659853|
0|659854|
0|659855|
0|659856|
0|659857|
0|659858|
0|659859|
0|659860|
0|659861|
0|659862|
0|659863|
0|659864|
0|659865|
0|659866|
0|659867|
0|659868|
0|659869|
0|659870|
0|659871|
0|659872|
0|659873|
0|659874|
0|659875|
0|659876|
0|659877|
0|659878|
0|659879|
0|659880|
0|659881|
0|659882|
