0|318425|
0|318426|
0|318427|
0|318428|
0|318429|
0|318430|
0|318431|
0|318432|
0|318433|
0|318434|
0|318435|
0|318436|
0|318437|
0|318438|
0|318439|
0|318440|
0|318441|
0|318442|
0|318443|
0|318444|
0|318445|
0|318446|
0|318447|
0|318448|
0|318449|
0|318450|
0|318451|
0|318452|
0|318454|
0|318455|
0|318456|
0|318457|
0|318458|
0|318459|
0|318460|
0|318461|
0|318462|
0|318463|
0|318464|
0|318465|
0|318466|
0|318467|
0|318468|
0|318469|
0|318470|
0|318471|
0|318472|
0|318473|
0|318474|
0|318475|
0|318476|
