0|585116|
0|585117|
0|585118|
0|585119|
0|585120|
0|585121|
0|585122|
0|585123|
0|585124|
0|585125|
0|585126|
0|585127|
0|585128|
0|585129|
0|585130|
0|585131|
0|585132|
0|585133|
0|585134|
0|585135|
0|585136|
0|585137|
0|585138|
0|585139|
0|585140|
0|585141|
0|585142|
0|585143|
0|585144|
0|585145|
0|585146|
0|585147|
0|585148|
0|585149|
0|585150|
0|585151|
0|585152|
0|585153|
0|585154|
0|585155|
0|585156|
0|585157|
0|585158|
0|585159|
0|585160|
0|585161|
0|585162|
0|585163|
0|585164|
0|585165|
0|585166|
0|585167|
0|585168|
0|585169|
0|585170|
0|585171|
0|585172|
0|585173|
0|585174|
0|585175|
0|585176|
0|585177|
0|585178|
0|585179|
