0|455758|
0|455759|
0|455760|
0|455762|
0|455764|
0|455766|
0|455767|
0|455768|
0|455769|
0|455770|
0|455771|
0|455772|
0|455773|
0|455774|
0|455775|
0|455776|
0|455777|
0|455778|
0|455779|
0|455780|
0|455781|
0|455782|
0|455783|
0|455784|
0|455785|
0|455786|
0|455787|
0|455788|
0|455789|
0|455790|
0|455791|
0|455792|
0|455793|
0|455794|
0|455795|
0|455796|
0|455797|
0|455798|
0|455799|
0|455800|
0|455801|
0|455802|
0|455803|
0|455804|
0|455805|
0|455806|
0|455807|
0|455808|
0|455809|
0|455810|
0|455811|
0|455812|
0|455813|
0|455814|
0|455815|
0|455816|
0|455817|
0|455818|
0|455819|
0|455820|
0|455821|
0|455822|
0|455823|
0|455824|
0|455825|
0|455826|
0|455827|
0|455828|
0|455829|
0|455830|
0|455831|
0|455832|
0|455833|
0|455834|
0|455835|
0|455836|
