0|617622|
0|617623|
0|617624|
0|617625|
0|617626|
0|617627|
0|617628|
0|617629|
0|617630|
0|617631|
0|617632|
0|617633|
0|617634|
0|617635|
0|617636|
0|617637|
0|617638|
0|617639|
0|617640|
0|617641|
0|617642|
0|617643|
0|617644|
0|617645|
0|617646|
0|617647|
0|617648|
0|617649|
0|617650|
0|617651|
0|617652|
0|617653|
0|617654|
0|617655|
0|617656|
0|617657|
0|617658|
0|617659|
0|617660|
0|617661|
0|617662|
0|617663|
0|617664|
0|617665|
0|617666|
0|617667|
0|617668|
0|617669|
0|617670|
0|617671|
0|617672|
0|617673|
0|617674|
0|617675|
