0|568591|
0|568593|
0|568595|
0|568597|
0|568599|
0|568601|
0|568603|
0|568605|
0|568607|
0|568609|
0|568611|
0|568613|
0|568615|
0|568617|
0|568619|
0|568621|
0|568623|
0|568624|
0|568626|
0|568628|
0|568631|
0|568633|
0|568635|
0|568637|
0|568639|
0|568641|
0|568643|
0|568645|
0|568646|
0|568647|
0|568648|
0|568649|
0|568650|
0|568651|
0|568652|
0|568653|
0|568654|
0|568655|
0|568656|
0|568657|
0|568658|
0|568659|
0|568660|
0|568661|
0|568662|
0|568663|
0|568664|
0|568665|
0|568666|
0|568667|
0|568668|
0|568669|
0|568670|
0|568671|
0|568672|
0|568673|
0|568674|
0|568675|
0|568676|
0|568677|
0|568678|
0|568679|
0|568680|
0|568681|
0|568682|
0|568683|
0|568684|
0|568685|
0|568686|
0|568687|
0|568688|
0|568689|
