0|174112|
0|174113|
0|174114|
0|174115|
0|174116|
0|174117|
0|174118|
0|174119|
0|174120|
0|174121|
0|174122|
0|174123|
0|174124|
0|174125|
0|174126|
0|174127|
0|174128|
0|174129|
0|174130|
0|174131|
0|174132|
0|174133|
0|174134|
0|174135|
0|174136|
0|174137|
0|174138|
0|174139|
0|174140|
0|174141|
0|174142|
0|174143|
0|174144|
0|174145|
0|174146|
0|174147|
0|174148|
0|174149|
0|174150|
0|174151|
0|174152|
0|174153|
0|174154|
0|174155|
0|174156|
0|174157|
0|174158|
0|174159|
0|174160|
0|174161|
0|174162|
0|174163|
0|174164|
0|174165|
0|174166|
0|174167|
0|174168|
0|174169|
0|174170|
0|174171|
0|174172|
0|174173|
0|174174|
0|174175|
0|174176|
0|174177|
0|174178|
0|174179|
0|174180|
0|174181|
0|174182|
0|174183|
0|174184|
0|174185|
0|174186|
0|174187|
0|174188|
0|174189|
0|174190|
0|174191|
0|174192|
0|174193|
0|174194|
0|174195|
0|174196|
0|174197|
0|174198|
0|174199|
0|174200|
0|174201|
0|174202|
0|174203|
