0|504670|
0|504671|
0|504672|
0|504673|
0|504674|
0|504675|
0|504676|
0|504677|
0|504678|
0|504679|
0|504680|
0|504681|
0|504682|
0|504683|
0|504684|
0|504686|
0|504688|
0|504690|
0|504692|
0|504694|
0|504696|
0|504698|
0|504700|
0|504701|
0|504702|
0|504703|
0|504704|
0|504705|
0|504706|
0|504707|
0|504708|
0|504709|
0|504710|
0|504711|
0|504712|
0|504713|
0|504714|
0|504715|
0|504716|
0|504717|
0|504718|
0|504719|
0|504720|
0|504721|
0|504722|
0|504723|
0|504724|
0|504725|
0|504726|
0|504727|
0|504728|
0|504729|
0|504730|
0|504731|
0|504732|
0|504733|
0|504734|
0|504735|
0|504736|
0|504737|
0|504738|
0|504739|
0|504740|
0|504741|
0|504742|
0|504743|
0|504744|
0|504745|
0|504746|
