0|640027|
0|640028|
0|640029|
0|640030|
0|640031|
0|640032|
0|640033|
0|640034|
0|640035|
0|640036|
0|640037|
0|640038|
0|640039|
0|640040|
0|640041|
0|640042|
0|640043|
0|640044|
0|640045|
0|640046|
0|640047|
0|640048|
0|640049|
0|640050|
0|640051|
0|640052|
0|640053|
0|640054|
0|640055|
0|640056|
0|640057|
0|640058|
0|640059|
0|640060|
0|640061|
0|640062|
0|640063|
0|640064|
0|640065|
0|640066|
0|640067|
0|640068|
0|640069|
0|640070|
0|640071|
0|640072|
0|640073|
0|640074|
0|640075|
0|640076|
0|640077|
0|640078|
0|640079|
0|640080|
0|640081|
0|640082|
0|640083|
0|640084|
0|640085|
0|640086|
0|640087|
0|640088|
0|640089|
0|640090|
0|640091|
0|640092|
0|640093|
0|640094|
0|640095|
0|640096|
0|640097|
0|640098|
0|640099|
0|640100|
0|640101|
