0|488960|
0|488961|
0|488962|
0|488963|
0|488964|
0|488965|
0|488966|
0|488967|
0|488968|
0|488969|
0|488970|
0|488971|
0|488972|
0|488973|
0|488974|
0|488975|
0|488976|
0|488977|
0|488978|
0|488979|
0|488980|
0|488981|
0|488982|
0|488983|
0|488984|
0|488985|
0|488986|
0|488987|
0|488988|
0|488989|
0|488990|
0|488991|
0|488992|
0|488993|
0|488994|
0|488995|
0|488996|
0|488997|
0|488998|
0|488999|
0|489000|
0|489001|
0|489002|
0|489003|
0|489004|
0|489005|
0|489006|
0|489007|
0|489008|
0|489009|
0|489010|
0|489011|
0|489012|
0|489013|
0|489014|
0|489015|
0|489016|
0|489017|
0|489018|
0|489019|
0|489020|
0|489021|
0|489022|
0|489023|
0|489024|
0|489025|
0|489026|
0|489027|
0|489028|
0|489029|
0|489030|
0|489031|
0|489032|
0|489033|
0|489034|
0|489035|
0|489036|
0|489037|
0|489038|
0|489039|
0|489040|
0|489041|
0|489042|
0|489043|
0|489044|
