0|656902|
0|656903|
0|656904|
0|656905|
0|656906|
0|656907|
0|656908|
0|656909|
0|656910|
0|656911|
0|656912|
0|656913|
0|656914|
0|656915|
0|656916|
0|656917|
0|656918|
0|656919|
0|656920|
0|656921|
0|656922|
0|656923|
0|656924|
0|656925|
0|656926|
0|656927|
0|656928|
0|656929|
0|656930|
0|656931|
0|656932|
0|656933|
0|656934|
0|656935|
0|656936|
0|656937|
0|656938|
0|656939|
0|656940|
0|656941|
0|656942|
0|656943|
0|656944|
0|656945|
0|656946|
0|656947|
0|656948|
0|656949|
0|656950|
0|656951|
0|656952|
0|656953|
0|656954|
0|656955|
0|656956|
0|656957|
0|656958|
0|656959|
0|656960|
0|656961|
0|656963|
0|656965|
0|656967|
0|656968|
0|656969|
0|656970|
0|656971|
0|656972|
0|656973|
0|656974|
0|656975|
0|656976|
0|656977|
0|656978|
0|656979|
0|656980|
0|656981|
0|656982|
0|656983|
0|656984|
0|656985|
