0|536005|
0|536006|
0|536007|
0|536008|
0|536009|
0|536010|
0|536011|
0|536012|
0|536013|
0|536014|
0|536015|
0|536016|
0|536017|
0|536018|
0|536019|
0|536020|
0|536021|
0|536022|
0|536023|
0|536024|
0|536025|
0|536026|
0|536027|
0|536028|
0|536029|
0|536030|
0|536031|
0|536032|
0|536033|
0|536034|
0|536035|
0|536036|
0|536037|
0|536038|
0|536039|
0|536040|
0|536041|
0|536042|
0|536043|
0|536044|
0|536045|
0|536047|
0|536048|
0|536049|
0|536050|
0|536051|
0|536052|
0|536053|
0|536054|
0|536055|
0|536056|
0|536057|
0|536058|
0|536059|
0|536060|
0|536061|
0|536062|
0|536063|
0|536064|
0|536065|
0|536066|
0|536067|
0|536068|
0|536069|
0|536070|
0|536071|
0|536072|
0|536073|
0|536074|
0|536075|
0|536076|
