0|372212|
0|372213|
0|372214|
0|372215|
0|372216|
0|372217|
0|372218|
0|372219|
0|372220|
0|372221|
0|372222|
0|372223|
0|372224|
0|372225|
0|372226|
0|372227|
0|372228|
0|372229|
0|372230|
0|372231|
0|372232|
0|372233|
0|372234|
0|372235|
0|372236|
0|372237|
0|372238|
0|372239|
0|372240|
0|372241|
0|372242|
0|372243|
0|372244|
0|372245|
0|372246|
0|372247|
0|372248|
0|372249|
0|372250|
0|372251|
0|372252|
0|372253|
0|372254|
0|372255|
0|372256|
0|372257|
0|372258|
0|372259|
0|372260|
0|372261|
0|372262|
0|372263|
0|372264|
0|372265|
0|372266|
0|372267|
0|372268|
0|372269|
0|372270|
0|372271|
0|372272|
0|372273|
0|372274|
0|372275|
0|372276|
0|372277|
0|372278|
0|372279|
0|372280|
0|372281|
0|372282|
0|372283|
0|372284|
0|372285|
0|372286|
0|372287|
0|372288|
0|372289|
0|372290|
0|372291|
0|372292|
0|372293|
0|372294|
0|372295|
0|372296|
0|372297|
0|372298|
0|372299|
0|372300|
0|372301|
0|372302|
0|372303|
0|372304|
0|372305|
0|372306|
0|372307|
0|372308|
0|372309|
0|372310|
0|372311|
0|372312|
0|372313|
0|372314|
0|372315|
0|372316|
0|372317|
0|372318|
0|372319|
0|372320|
0|372321|
0|372322|
0|372323|
0|372324|
0|372325|
