0|167971|
0|167972|
0|167973|
0|167974|
0|167975|
0|167976|
0|167977|
0|167978|
0|167979|
0|167980|
0|167981|
0|167982|
0|167983|
0|167984|
0|167985|
0|167986|
0|167987|
0|167988|
0|167989|
0|167990|
0|167991|
0|167992|
0|167993|
0|167994|
0|167995|
0|167996|
0|167997|
0|167998|
0|167999|
0|168000|
0|168001|
0|168002|
0|168003|
0|168004|
0|168005|
0|168006|
0|168007|
0|168008|
0|168009|
0|168010|
0|168011|
0|168012|
0|168013|
0|168014|
0|168015|
0|168016|
0|168017|
0|168018|
0|168019|
0|168020|
0|168021|
