0|490717|
0|490719|
0|490721|
0|490723|
0|490725|
0|490727|
0|490729|
0|490731|
0|490733|
0|490735|
0|490737|
0|490739|
0|490741|
0|490742|
0|490743|
0|490744|
0|490745|
0|490746|
0|490747|
0|490748|
0|490750|
0|490751|
0|490752|
0|490753|
0|490754|
0|490755|
0|490756|
0|490757|
0|490758|
0|490759|
0|490760|
0|490761|
0|490762|
0|490763|
0|490764|
0|490765|
0|490766|
0|490767|
0|490768|
0|490769|
0|490770|
0|490771|
0|490772|
0|490773|
0|490774|
0|490775|
0|490776|
0|490777|
0|490778|
0|490779|
0|490780|
0|490781|
0|490782|
0|490783|
0|490784|
0|490785|
0|490786|
0|490787|
0|490788|
0|490789|
0|490790|
0|490791|
0|490792|
0|490793|
0|490794|
0|490795|
0|490796|
0|490797|
0|490798|
0|490799|
0|490800|
0|490801|
0|490802|
0|490803|
0|490805|
0|490807|
0|490809|
0|490811|
0|490812|
0|490813|
0|490814|
0|490815|
0|490816|
0|490817|
0|490818|
0|490819|
0|490820|
0|490821|
0|490822|
0|490823|
0|490824|
0|490825|
0|490826|
0|490827|
0|490828|
0|490829|
0|490830|
0|490831|
0|490832|
0|490833|
0|490834|
0|490835|
0|490836|
0|490837|
