0|318561|
0|318562|
0|318563|
0|318564|
0|318566|
0|318567|
0|318568|
0|318569|
0|318570|
0|318571|
0|318572|
0|318573|
0|318574|
0|318575|
0|318576|
0|318577|
0|318578|
0|318579|
0|318580|
0|318581|
0|318582|
0|318583|
0|318584|
0|318586|
0|318587|
0|318588|
0|318589|
0|318590|
0|318591|
0|318592|
0|318593|
0|318594|
0|318595|
0|318596|
0|318597|
0|318598|
0|318599|
0|318600|
0|318601|
0|318602|
0|318603|
0|318604|
0|318605|
0|318606|
0|318607|
0|318608|
0|318609|
0|318610|
0|318611|
0|318612|
