0|126833|
0|126834|
0|126835|
0|126836|
0|126837|
0|126838|
0|126839|
0|126840|
0|126841|
0|126842|
0|126843|
0|126844|
0|126845|
0|126846|
0|126847|
0|126848|
0|126849|
0|126850|
0|126851|
0|126852|
0|126853|
0|126854|
0|126855|
0|126856|
0|126857|
0|126858|
0|126859|
0|126860|
0|126861|
0|126862|
0|126863|
0|126864|
0|126865|
0|126866|
0|126867|
0|126868|
0|126869|
0|126870|
0|126871|
0|126872|
0|126873|
0|126874|
0|126875|
0|126876|
0|126877|
0|126878|
0|126879|
0|126880|
0|126881|
0|126882|
0|126883|
0|126884|
0|126885|
0|126886|
0|126887|
0|126888|
0|126889|
0|126890|
0|126891|
0|126892|
0|126893|
0|126894|
0|126895|
0|126896|
0|126897|
0|126898|
0|126899|
0|126900|
0|126901|
0|126902|
