0|504411|
0|504412|
0|504413|
0|504414|
0|504415|
0|504416|
0|504417|
0|504418|
0|504419|
0|504420|
0|504421|
0|504422|
0|504423|
0|504424|
0|504425|
0|504426|
0|504427|
0|504428|
0|504429|
0|504430|
0|504431|
0|504433|
0|504434|
0|504435|
0|504436|
0|504437|
0|504438|
0|504439|
0|504440|
0|504441|
0|504442|
0|504443|
0|504444|
0|504445|
0|504446|
0|504447|
0|504448|
0|504449|
0|504450|
0|504451|
0|504452|
0|504453|
0|504454|
0|504455|
0|504456|
0|504457|
0|504458|
0|504459|
0|504460|
0|504461|
0|504462|
0|504463|
0|504464|
0|504465|
0|504466|
0|504467|
0|504468|
0|504469|
0|504470|
0|504471|
0|504472|
0|504473|
0|504474|
0|504475|
0|504476|
0|504477|
0|504478|
0|504479|
0|504480|
0|504481|
0|504482|
0|504483|
0|504484|
0|504485|
0|504486|
0|504487|
0|504488|
0|504489|
0|504490|
