0|616279|
0|616280|
0|616281|
0|616282|
0|616283|
0|616284|
0|616285|
0|616286|
0|616287|
0|616288|
0|616289|
0|616290|
0|616291|
0|616292|
0|616293|
0|616294|
0|616295|
0|616296|
0|616297|
0|616298|
0|616299|
0|616300|
0|616301|
0|616302|
0|616303|
0|616304|
0|616305|
0|616306|
0|616307|
0|616308|
0|616309|
0|616310|
0|616311|
0|616312|
0|616313|
0|616314|
0|616315|
0|616316|
0|616317|
0|616318|
0|616319|
0|616320|
0|616321|
0|616322|
0|616323|
0|616324|
0|616325|
0|616326|
0|616327|
0|616328|
0|616329|
0|616330|
0|616331|
0|616332|
0|616333|
0|616334|
0|616335|
0|616336|
0|616337|
0|616338|
0|616339|
0|616340|
0|616341|
0|616342|
0|616343|
0|616344|
0|616345|
0|616346|
0|616347|
0|616348|
0|616349|
0|616350|
0|616351|
0|616352|
0|616353|
0|616354|
0|616355|
0|616356|
0|616357|
0|616358|
0|616359|
0|616360|
0|616361|
0|616362|
0|616363|
0|616364|
0|616365|
0|616366|
0|616367|
0|616368|
0|616369|
0|616370|
0|616371|
0|616372|
0|616373|
0|616374|
0|616375|
0|616376|
0|616377|
0|616378|
0|616379|
0|616380|
