0|591512|
0|591513|
0|591514|
0|591515|
0|591516|
0|591517|
0|591518|
0|591519|
0|591520|
0|591521|
0|591522|
0|591523|
0|591524|
0|591525|
0|591526|
0|591527|
0|591528|
0|591529|
0|591530|
0|591531|
0|591532|
0|591533|
0|591534|
0|591535|
0|591536|
0|591537|
0|591538|
0|591539|
0|591540|
0|591541|
0|591542|
0|591543|
0|591544|
0|591545|
0|591546|
0|591547|
0|591548|
0|591549|
0|591550|
0|591551|
0|591552|
0|591553|
0|591554|
0|591555|
0|591556|
0|591557|
0|591558|
0|591559|
0|591560|
0|591561|
0|591562|
0|591563|
0|591564|
0|591565|
0|591566|
0|591567|
0|591568|
0|591569|
0|591570|
0|591571|
0|591572|
0|591573|
0|591574|
0|591575|
0|591576|
0|591577|
0|591578|
0|591579|
0|591580|
0|591581|
0|591582|
0|591583|
0|591584|
0|591585|
0|591586|
0|591587|
0|591588|
0|591589|
0|591590|
0|591591|
