0|349584|
0|349585|
0|349586|
0|349587|
0|349588|
0|349589|
0|349590|
0|349591|
0|349592|
0|349593|
0|349594|
0|349595|
0|349596|
0|349597|
0|349598|
0|349599|
0|349600|
0|349601|
0|349602|
0|349603|
0|349604|
0|349605|
0|349606|
0|349607|
0|349608|
0|349609|
0|349610|
0|349611|
0|349612|
0|349613|
0|349614|
0|349615|
0|349616|
0|349617|
0|349618|
0|349619|
0|349620|
0|349621|
0|349622|
0|349623|
0|349624|
0|349625|
0|349626|
0|349627|
0|349628|
0|349629|
0|349630|
0|349631|
0|349632|
0|349633|
0|349634|
0|349635|
0|349636|
0|349637|
0|349638|
0|349639|
0|349640|
0|349641|
