0|336230|
0|336231|
0|336232|
0|336233|
0|336234|
0|336235|
0|336236|
0|336237|
0|336238|
0|336239|
0|336240|
0|336241|
0|336242|
0|336243|
0|336244|
0|336245|
0|336246|
0|336247|
0|336248|
0|336249|
0|336250|
0|336251|
0|336252|
0|336253|
0|336254|
0|336255|
0|336256|
0|336257|
0|336258|
0|336259|
0|336260|
0|336261|
0|336262|
0|336263|
0|336264|
0|336265|
0|336266|
0|336267|
0|336268|
0|336269|
0|336270|
0|336271|
0|336272|
0|336273|
0|336274|
0|336275|
0|336276|
0|336277|
0|336278|
0|336279|
0|336280|
0|336281|
0|336282|
0|336283|
0|336284|
0|336285|
0|336286|
0|336287|
0|336288|
0|336289|
0|336290|
0|336291|
0|336292|
0|336293|
0|336294|
0|336295|
0|336296|
0|336297|
0|336298|
0|336299|
0|336300|
0|336301|
0|336302|
0|336303|
0|336304|
0|336305|
0|336306|
0|336307|
0|336308|
0|336309|
0|336310|
0|336311|
0|336312|
0|336313|
0|336314|
0|336315|
0|336316|
0|336317|
0|336318|
0|336319|
0|336320|
0|336321|
0|336322|
0|336323|
0|336324|
