0|638100|
0|638101|
0|638102|
0|638103|
0|638104|
0|638105|
0|638106|
0|638107|
0|638108|
0|638109|
0|638110|
0|638111|
0|638112|
0|638113|
0|638114|
0|638115|
0|638116|
0|638117|
0|638118|
0|638119|
0|638120|
0|638121|
0|638122|
0|638123|
0|638124|
0|638125|
0|638126|
0|638127|
0|638128|
0|638129|
0|638130|
0|638131|
0|638132|
0|638133|
0|638134|
0|638135|
0|638136|
0|638137|
0|638138|
0|638139|
0|638140|
0|638141|
0|638142|
0|638143|
0|638144|
0|638145|
0|638146|
0|638147|
0|638148|
0|638149|
0|638150|
0|638151|
0|638152|
0|638153|
0|638154|
0|638155|
0|638156|
0|638157|
0|638158|
0|638159|
0|638160|
0|638161|
0|638162|
0|638163|
0|638164|
0|638165|
0|638166|
0|638167|
0|638168|
0|638169|
0|638170|
0|638171|
0|638172|
0|638173|
0|638174|
0|638175|
0|638176|
0|638177|
0|638178|
0|638179|
0|638180|
0|638181|
0|638182|
0|638183|
