0|338159|
0|338160|
0|338161|
0|338162|
0|338163|
0|338164|
0|338165|
0|338166|
0|338167|
0|338168|
0|338169|
0|338170|
0|338171|
0|338172|
0|338173|
0|338174|
0|338175|
0|338176|
0|338177|
0|338178|
0|338179|
0|338180|
0|338181|
0|338182|
0|338183|
0|338184|
0|338185|
0|338186|
0|338187|
0|338188|
0|338189|
0|338190|
0|338191|
0|338192|
0|338193|
0|338194|
0|338195|
0|338196|
0|338197|
0|338198|
0|338199|
0|338200|
0|338201|
0|338202|
0|338203|
0|338204|
0|338205|
0|338206|
0|338207|
0|338208|
0|338209|
0|338210|
0|338211|
0|338212|
0|338213|
0|338214|
0|338215|
0|338216|
0|338217|
0|338218|
0|338219|
0|338220|
0|338221|
0|338222|
0|338223|
0|338224|
0|338225|
0|338226|
0|338227|
0|338228|
0|338229|
