0|532120|
0|532121|
0|532122|
0|532123|
0|532124|
0|532125|
0|532126|
0|532127|
0|532128|
0|532129|
0|532130|
0|532131|
0|532132|
0|532133|
0|532134|
0|532135|
0|532136|
0|532137|
0|532138|
0|532139|
0|532140|
0|532141|
0|532142|
0|532143|
0|532145|
0|532147|
0|532149|
0|532151|
0|532152|
0|532154|
0|532156|
0|532158|
0|532160|
0|532162|
0|532164|
0|532167|
0|532169|
0|532171|
0|532173|
0|532175|
0|532177|
0|532179|
0|532183|
0|532185|
0|532187|
0|532189|
0|532191|
0|532193|
0|532195|
0|532197|
0|532198|
0|532201|
0|532202|
0|532204|
0|532205|
0|532206|
0|532207|
0|532208|
0|532209|
