0|181494|
0|181495|
0|181496|
0|181497|
0|181498|
0|181499|
0|181500|
0|181501|
0|181502|
0|181503|
0|181504|
0|181505|
0|181506|
0|181507|
0|181508|
0|181509|
0|181510|
0|181511|
0|181512|
0|181513|
0|181514|
0|181515|
0|181516|
0|181517|
0|181518|
0|181519|
0|181520|
0|181521|
0|181522|
0|181523|
0|181525|
0|181527|
0|181528|
0|181529|
0|181530|
0|181531|
0|181532|
0|181533|
0|181534|
0|181535|
0|181536|
0|181537|
0|181538|
0|181539|
0|181540|
0|181541|
0|181542|
0|181543|
0|181544|
0|181545|
0|181546|
0|181547|
0|181548|
0|181549|
0|181550|
0|181551|
0|181552|
0|181553|
0|181554|
0|181555|
0|181556|
0|181557|
0|181558|
0|181559|
0|181560|
0|181561|
0|181562|
0|181563|
0|181564|
0|181565|
0|181566|
0|181567|
0|181568|
0|181569|
0|181570|
0|181571|
0|181572|
0|181573|
0|181574|
0|181575|
0|181576|
0|181577|
0|181578|
