0|341053|
0|341054|
0|341055|
0|341056|
0|341057|
0|341058|
0|341059|
0|341060|
0|341061|
0|341062|
0|341063|
0|341064|
0|341065|
0|341066|
0|341067|
0|341068|
0|341069|
0|341070|
0|341071|
0|341072|
0|341073|
0|341074|
0|341075|
0|341076|
0|341077|
0|341078|
0|341079|
0|341080|
0|341081|
0|341082|
0|341083|
0|341084|
0|341085|
0|341086|
0|341087|
0|341088|
0|341089|
0|341090|
0|341091|
0|341092|
0|341093|
0|341094|
0|341095|
0|341096|
0|341097|
0|341098|
0|341099|
0|341100|
0|341101|
0|341102|
0|341103|
0|341104|
0|341105|
0|341106|
0|341107|
0|341108|
0|341109|
0|341110|
0|341111|
0|341112|
0|341113|
0|341114|
0|341115|
0|341116|
0|341117|
0|341118|
0|341119|
0|341120|
0|341121|
0|341122|
0|341123|
0|341124|
0|341125|
0|341126|
