0|261571|
0|261572|
0|261573|
0|261574|
0|261575|
0|261576|
0|261577|
0|261578|
0|261579|
0|261580|
0|261581|
0|261582|
0|261583|
0|261584|
0|261585|
0|261586|
0|261587|
0|261588|
0|261589|
0|261590|
0|261591|
0|261592|
0|261593|
0|261594|
0|261595|
0|261596|
0|261597|
0|261598|
0|261599|
0|261600|
0|261601|
0|261602|
0|261603|
0|261604|
0|261605|
0|261606|
0|261607|
0|261608|
0|261609|
0|261610|
0|261611|
0|261612|
0|261613|
0|261614|
0|261615|
0|261616|
0|261617|
0|261618|
0|261619|
0|261620|
0|261621|
0|261622|
0|261623|
0|261624|
0|261625|
0|261626|
0|261627|
0|261628|
0|261629|
0|261630|
0|261631|
0|261632|
0|261633|
0|261634|
0|261635|
0|261636|
0|261637|
0|261638|
0|261639|
0|261640|
0|261641|
0|261642|
0|261643|
0|261644|
0|261645|
0|261646|
0|261647|
0|261648|
0|261649|
0|261650|
