0|390378|
0|390379|
0|390380|
0|390381|
0|390382|
0|390383|
0|390384|
0|390385|
0|390386|
0|390387|
0|390388|
0|390389|
0|390390|
0|390391|
0|390392|
0|390393|
0|390394|
0|390395|
0|390396|
0|390397|
0|390398|
0|390399|
0|390400|
0|390401|
0|390402|
0|390403|
0|390404|
0|390405|
0|390406|
0|390407|
0|390408|
0|390409|
0|390410|
0|390411|
0|390412|
0|390413|
0|390414|
0|390415|
0|390416|
0|390417|
0|390418|
0|390419|
0|390420|
0|390421|
0|390422|
0|390423|
0|390424|
0|390425|
0|390426|
0|390427|
0|390428|
0|390429|
0|390430|
0|390431|
0|390432|
0|390433|
0|390434|
0|390435|
0|390436|
0|390437|
0|390438|
0|390439|
0|390440|
0|390441|
0|390442|
0|390443|
0|390444|
0|390445|
0|390446|
0|390447|
0|390448|
0|390449|
0|390450|
