0|134123|
0|134124|
0|134125|
0|134126|
0|134127|
0|134128|
0|134129|
0|134130|
0|134131|
0|134132|
0|134133|
0|134134|
0|134135|
0|134136|
0|134137|
0|134138|
0|134139|
0|134140|
0|134141|
0|134142|
0|134143|
0|134144|
0|134145|
0|134146|
0|134147|
0|134148|
0|134149|
0|134150|
0|134151|
0|134152|
0|134153|
0|134154|
0|134155|
0|134156|
0|134157|
0|134159|
0|134161|
0|134165|
0|134167|
0|134170|
0|134173|
0|134175|
0|134176|
0|134177|
0|134178|
0|134179|
0|134180|
0|134181|
0|134182|
0|134183|
0|134184|
0|134185|
0|134186|
0|134187|
0|134188|
0|134189|
0|134190|
0|134191|
0|134192|
0|134193|
0|134194|
0|134195|
0|134196|
