0|203888|
0|203889|
0|203890|
0|203891|
0|203892|
0|203893|
0|203894|
0|203895|
0|203896|
0|203897|
0|203898|
0|203899|
0|203900|
0|203901|
0|203902|
0|203903|
0|203904|
0|203905|
0|203906|
0|203907|
0|203908|
0|203909|
0|203910|
0|203911|
0|203912|
0|203913|
0|203914|
0|203915|
0|203916|
0|203917|
0|203918|
0|203919|
0|203920|
0|203921|
0|203922|
0|203923|
0|203924|
0|203925|
0|203926|
0|203927|
0|203928|
0|203929|
0|203930|
0|203931|
0|203932|
0|203933|
0|203934|
0|203935|
0|203936|
0|203937|
0|203938|
0|203939|
