0|425441|
0|425442|
0|425444|
0|425445|
0|425446|
0|425447|
0|425448|
0|425449|
0|425450|
0|425451|
0|425452|
0|425453|
0|425454|
0|425455|
0|425456|
0|425457|
0|425458|
0|425459|
0|425460|
0|425461|
0|425462|
0|425463|
0|425464|
0|425465|
0|425466|
0|425467|
0|425468|
0|425469|
0|425470|
0|425471|
0|425472|
0|425473|
0|425474|
0|425475|
0|425476|
0|425477|
0|425478|
0|425479|
0|425480|
0|425481|
0|425482|
0|425483|
0|425484|
0|425485|
0|425486|
0|425487|
0|425488|
0|425489|
0|425490|
0|425491|
0|425492|
0|425493|
0|425494|
