0|439491|
0|439492|
0|439493|
0|439494|
0|439495|
0|439496|
0|439497|
0|439498|
0|439499|
0|439500|
0|439501|
0|439502|
0|439503|
0|439504|
0|439506|
0|439508|
0|439509|
0|439510|
0|439511|
0|439512|
0|439513|
0|439514|
0|439515|
0|439516|
0|439517|
0|439518|
0|439519|
0|439520|
0|439521|
0|439522|
0|439523|
0|439524|
0|439525|
0|439526|
0|439527|
0|439528|
0|439529|
0|439530|
0|439531|
0|439532|
0|439533|
0|439534|
0|439535|
0|439536|
0|439537|
0|439538|
0|439539|
0|439540|
0|439541|
0|439542|
0|439543|
0|439544|
0|439546|
0|439547|
0|439548|
0|439549|
0|439550|
0|439551|
0|439552|
0|439553|
0|439554|
0|439555|
0|439556|
0|439557|
0|439558|
0|439559|
0|439560|
0|439561|
0|439562|
0|439563|
0|439564|
0|439565|
0|439566|
0|439567|
0|439568|
0|439569|
0|439570|
0|439571|
0|439572|
0|439573|
0|439574|
0|439575|
0|439576|
0|439577|
0|439578|
0|439579|
0|439580|
0|439581|
0|439582|
0|439583|
0|439584|
0|439585|
0|439586|
0|439587|
0|439588|
0|439589|
0|439590|
0|439591|
0|439592|
0|439593|
0|439594|
0|439595|
0|439596|
0|439597|
0|439598|
0|439599|
0|439600|
0|439601|
0|439602|
0|439603|
0|439604|
0|439605|
0|439606|
0|439607|
