0|62108|
0|62109|
0|62110|
0|62111|
0|62112|
0|62113|
0|62114|
0|62115|
0|62116|
0|62117|
0|62118|
0|62119|
0|62120|
0|62121|
0|62122|
0|62123|
0|62124|
0|62125|
0|62126|
0|62127|
0|62128|
0|62129|
0|62130|
0|62131|
0|62132|
0|62133|
0|62134|
0|62135|
0|62136|
0|62137|
0|62138|
0|62139|
0|62140|
0|62141|
0|62142|
0|62143|
0|62144|
0|62145|
0|62146|
0|62147|
0|62148|
0|62149|
0|62150|
0|62151|
0|62152|
0|62153|
0|62154|
0|62155|
0|62156|
0|62157|
0|62158|
0|62159|
0|62160|
0|62161|
0|62162|
0|62163|
0|62164|
0|62165|
0|62166|
0|62167|
0|62168|
0|62169|
0|62170|
0|62171|
0|62172|
0|62173|
0|62174|
0|62175|
0|62176|
0|62177|
0|62178|
0|62179|
0|62180|
0|62181|
0|62182|
0|62183|
0|62184|
0|62185|
0|62186|
0|62187|
0|62188|
0|62189|
0|62190|
