0|495719|
0|495720|
0|495721|
0|495722|
0|495723|
0|495724|
0|495725|
0|495726|
0|495727|
0|495728|
0|495729|
0|495730|
0|495731|
0|495732|
0|495733|
0|495734|
0|495735|
0|495737|
0|495739|
0|495740|
0|495741|
0|495742|
0|495743|
0|495744|
0|495745|
0|495746|
0|495747|
0|495748|
0|495749|
0|495750|
0|495751|
0|495752|
0|495753|
0|495754|
0|495755|
0|495756|
0|495757|
0|495758|
0|495759|
0|495760|
0|495761|
0|495762|
0|495763|
0|495764|
0|495765|
0|495766|
0|495767|
0|495768|
0|495769|
0|495770|
0|495771|
0|495772|
0|495773|
0|495775|
0|495776|
0|495777|
0|495778|
0|495779|
0|495780|
0|495781|
0|495782|
0|495783|
0|495784|
0|495785|
0|495786|
0|495787|
0|495788|
0|495789|
0|495790|
0|495791|
0|495792|
0|495793|
0|495794|
0|495795|
0|495796|
0|495797|
0|495798|
0|495799|
0|495800|
0|495801|
0|495802|
0|495803|
0|495804|
0|495805|
0|495806|
0|495807|
0|495808|
0|495809|
0|495810|
0|495811|
0|495812|
0|495813|
0|495814|
0|495815|
0|495816|
0|495817|
0|495818|
0|495819|
0|495820|
0|495821|
0|495822|
0|495823|
0|495824|
0|495825|
0|495826|
