0|621761|
0|621762|
0|621763|
0|621764|
0|621765|
0|621766|
0|621767|
0|621768|
0|621769|
0|621770|
0|621771|
0|621772|
0|621773|
0|621774|
0|621775|
0|621776|
0|621777|
0|621778|
0|621779|
0|621780|
0|621781|
0|621782|
0|621783|
0|621784|
0|621785|
0|621786|
0|621787|
0|621788|
0|621789|
0|621790|
0|621791|
0|621792|
0|621793|
0|621794|
0|621795|
0|621796|
0|621797|
0|621798|
0|621799|
0|621800|
0|621802|
0|621803|
0|621804|
0|621805|
0|621806|
0|621807|
0|621808|
0|621809|
0|621810|
0|621811|
0|621812|
0|621813|
0|621814|
0|621815|
0|621817|
0|621818|
0|621819|
0|621820|
0|621821|
0|621822|
0|621823|
0|621824|
0|621825|
0|621826|
0|621827|
0|621828|
0|621829|
0|621830|
0|621831|
0|621832|
0|621833|
0|621834|
