0|628963|
0|628964|
0|628965|
0|628966|
0|628967|
0|628968|
0|628969|
0|628970|
0|628971|
0|628972|
0|628973|
0|628974|
0|628975|
0|628976|
0|628977|
0|628978|
0|628979|
0|628980|
0|628981|
0|628982|
0|628983|
0|628984|
0|628985|
0|628986|
0|628987|
0|628988|
0|628989|
0|628990|
0|628991|
0|628992|
0|628993|
0|628994|
0|628995|
0|628996|
0|628997|
0|628998|
0|628999|
0|629000|
0|629001|
0|629002|
0|629004|
0|629005|
0|629007|
0|629008|
0|629009|
0|629010|
0|629011|
0|629012|
0|629013|
0|629014|
0|629015|
0|629016|
0|629017|
0|629018|
0|629019|
0|629020|
0|629021|
0|629022|
0|629023|
0|629024|
0|629025|
0|629026|
0|629027|
0|629028|
0|629029|
0|629030|
0|629031|
0|629032|
0|629033|
0|629034|
0|629035|
0|629036|
0|629037|
0|629038|
0|629039|
0|629040|
0|629041|
0|629042|
0|629043|
0|629044|
0|629045|
0|629046|
0|629047|
0|629048|
0|629049|
0|629050|
0|629051|
0|629052|
0|629053|
0|629054|
0|629055|
0|629056|
0|629057|
0|629058|
0|629059|
0|629060|
0|629061|
0|629062|
