0|679116|
0|679118|
0|679119|
0|679120|
0|679121|
0|679122|
0|679123|
0|679124|
0|679125|
0|679126|
0|679127|
0|679128|
0|679129|
0|679130|
0|679131|
0|679132|
0|679133|
0|679134|
0|679135|
0|679136|
0|679137|
0|679138|
0|679139|
0|679140|
0|679141|
0|679142|
0|679143|
0|679144|
0|679145|
0|679146|
0|679147|
0|679148|
0|679149|
0|679150|
0|679151|
0|679152|
0|679153|
0|679154|
0|679155|
0|679156|
0|679157|
0|679158|
0|679159|
0|679160|
0|679161|
0|679162|
0|679163|
0|679164|
0|679165|
0|679166|
0|679167|
0|679168|
0|679169|
0|679170|
0|679171|
0|679172|
0|679173|
0|679174|
0|679175|
0|679176|
0|679177|
0|679178|
0|679179|
0|679180|
0|679181|
0|679182|
