0|396981|
0|396982|
0|396983|
0|396984|
0|396985|
0|396986|
0|396987|
0|396988|
0|396989|
0|396990|
0|396991|
0|396992|
0|396993|
0|396994|
0|396995|
0|396996|
0|396997|
0|396998|
0|396999|
0|397000|
0|397001|
0|397002|
0|397003|
0|397004|
0|397005|
0|397006|
0|397007|
0|397008|
0|397009|
0|397010|
0|397011|
0|397012|
0|397013|
0|397014|
0|397015|
0|397016|
0|397017|
0|397018|
0|397019|
0|397020|
0|397021|
0|397022|
0|397023|
0|397024|
0|397025|
0|397026|
0|397027|
0|397028|
0|397029|
0|397030|
0|397031|
0|397032|
0|397033|
0|397034|
0|397035|
0|397036|
0|397037|
0|397038|
0|397039|
0|397040|
0|397041|
0|397042|
0|397043|
0|397044|
0|397045|
0|397046|
0|397047|
0|397048|
0|397049|
0|397050|
0|397051|
0|397052|
0|397053|
0|397054|
0|397055|
0|397056|
0|397057|
0|397058|
0|397059|
0|397060|
0|397061|
0|397062|
0|397063|
0|397064|
0|397065|
0|397066|
0|397067|
0|397068|
0|397069|
0|397070|
0|397071|
0|397072|
0|397073|
0|397074|
0|397075|
0|397076|
0|397077|
0|397078|
0|397079|
0|397080|
0|397081|
0|397082|
0|397083|
