0|28887|
0|28888|
0|28889|
0|28890|
0|28891|
0|28892|
0|28893|
0|28894|
0|28895|
0|28896|
0|28897|
0|28898|
0|28899|
0|28900|
0|28901|
0|28902|
0|28903|
0|28904|
0|28905|
0|28906|
0|28907|
0|28908|
0|28909|
0|28910|
0|28911|
0|28912|
0|28913|
0|28914|
0|28915|
0|28916|
0|28917|
0|28918|
0|28919|
0|28920|
0|28921|
0|28922|
0|28923|
0|28924|
0|28925|
0|28926|
0|28927|
0|28928|
0|28929|
0|28930|
0|28931|
0|28932|
0|28933|
0|28934|
0|28935|
0|28936|
0|28937|
0|28938|
0|28939|
0|28940|
0|28941|
0|28942|
0|28943|
0|28944|
0|28945|
0|28946|
0|28947|
0|28948|
0|28949|
0|28950|
0|28951|
0|28952|
0|28953|
0|28954|
0|28955|
0|28956|
0|28957|
0|28958|
0|28959|
0|28960|
0|28961|
0|28962|
0|28963|
0|28964|
0|28965|
0|28966|
0|28967|
0|28968|
