0|656485|
0|656486|
0|656487|
0|656488|
0|656489|
0|656490|
0|656491|
0|656492|
0|656493|
0|656494|
0|656495|
0|656496|
0|656497|
0|656498|
0|656499|
0|656500|
0|656501|
0|656502|
0|656503|
0|656504|
0|656505|
0|656506|
0|656507|
0|656508|
0|656509|
0|656510|
0|656511|
0|656512|
0|656513|
0|656514|
0|656515|
0|656516|
0|656517|
0|656518|
0|656519|
0|656520|
0|656521|
0|656522|
0|656523|
0|656524|
0|656525|
0|656526|
0|656527|
0|656528|
0|656529|
0|656530|
0|656531|
0|656532|
0|656533|
0|656534|
0|656535|
0|656536|
0|656537|
0|656538|
0|656539|
0|656540|
0|656541|
0|656542|
0|656543|
0|656544|
0|656545|
0|656546|
0|656547|
0|656548|
0|656549|
0|656550|
0|656551|
0|656552|
0|656553|
0|656554|
0|656555|
0|656556|
0|656557|
0|656558|
0|656559|
0|656560|
0|656561|
0|656562|
0|656563|
0|656564|
0|656565|
0|656566|
0|656567|
0|656568|
0|656569|
0|656570|
0|656571|
0|656572|
