0|596329|
0|596330|
0|596331|
0|596332|
0|596333|
0|596334|
0|596335|
0|596336|
0|596337|
0|596338|
0|596339|
0|596340|
0|596341|
0|596342|
0|596343|
0|596344|
0|596345|
0|596346|
0|596347|
0|596348|
0|596349|
0|596350|
0|596351|
0|596352|
0|596353|
0|596354|
0|596356|
0|596357|
0|596358|
0|596359|
0|596360|
0|596361|
0|596362|
0|596363|
0|596364|
0|596365|
0|596366|
0|596367|
0|596368|
0|596369|
0|596370|
0|596371|
0|596372|
0|596373|
0|596374|
0|596376|
0|596378|
0|596380|
0|596382|
0|596384|
0|596386|
0|596389|
0|596391|
0|596393|
0|596395|
0|596396|
0|596398|
0|596400|
0|596402|
0|596403|
0|596404|
0|596405|
0|596406|
0|596407|
0|596408|
0|596409|
0|596410|
0|596411|
0|596412|
0|596413|
0|596414|
0|596415|
0|596416|
0|596417|
0|596418|
0|596419|
0|596420|
0|596421|
0|596422|
0|596423|
0|596424|
