0|504812|
0|504813|
0|504814|
0|504815|
0|504816|
0|504817|
0|504818|
0|504819|
0|504820|
0|504821|
0|504822|
0|504823|
0|504824|
0|504825|
0|504826|
0|504827|
0|504828|
0|504829|
0|504830|
0|504831|
0|504832|
0|504833|
0|504834|
0|504835|
0|504836|
0|504837|
0|504838|
0|504839|
0|504840|
0|504841|
0|504842|
0|504843|
0|504844|
0|504845|
0|504846|
0|504847|
0|504848|
0|504849|
0|504850|
0|504851|
0|504852|
0|504853|
0|504854|
0|504855|
0|504856|
0|504857|
0|504858|
0|504859|
0|504860|
0|504861|
0|504862|
0|504863|
0|504864|
0|504865|
0|504866|
0|504867|
0|504868|
0|504869|
0|504870|
0|504871|
0|504872|
0|504873|
0|504874|
0|504875|
0|504876|
0|504877|
0|504878|
0|504879|
0|504880|
0|504881|
0|504882|
0|504883|
0|504884|
0|504885|
0|504886|
0|504887|
0|504888|
0|504889|
0|504890|
