0|277866|
0|277867|
0|277868|
0|277869|
0|277870|
0|277871|
0|277872|
0|277873|
0|277874|
0|277875|
0|277876|
0|277877|
0|277878|
0|277879|
0|277880|
0|277881|
0|277882|
0|277883|
0|277884|
0|277885|
0|277886|
0|277887|
0|277888|
0|277889|
0|277890|
0|277891|
0|277892|
0|277893|
0|277894|
0|277895|
0|277896|
0|277897|
0|277898|
0|277899|
0|277900|
0|277901|
0|277902|
0|277903|
0|277904|
0|277905|
0|277906|
0|277907|
0|277908|
0|277909|
0|277910|
0|277911|
0|277912|
0|277913|
0|277914|
0|277915|
0|277916|
0|277917|
0|277918|
0|277919|
