0|291533|
0|291534|
0|291535|
0|291536|
0|291537|
0|291538|
0|291539|
0|291540|
0|291541|
0|291542|
0|291543|
0|291544|
0|291545|
0|291546|
0|291547|
0|291548|
0|291549|
0|291550|
0|291551|
0|291552|
0|291553|
0|291554|
0|291555|
0|291556|
0|291557|
0|291558|
0|291559|
0|291560|
0|291561|
0|291562|
0|291563|
0|291564|
0|291565|
0|291566|
0|291567|
0|291568|
0|291569|
0|291570|
0|291571|
0|291572|
0|291573|
0|291574|
0|291575|
0|291576|
0|291577|
0|291578|
0|291579|
0|291580|
0|291581|
0|291582|
0|291583|
0|291584|
0|291585|
0|291586|
0|291587|
0|291588|
0|291589|
0|291590|
0|291591|
0|291592|
0|291593|
0|291594|
0|291595|
0|291596|
0|291597|
0|291598|
0|291599|
0|291600|
0|291601|
0|291602|
0|291603|
0|291604|
0|291605|
0|291606|
0|291607|
0|291608|
0|291609|
0|291610|
0|291611|
0|291612|
0|291613|
0|291614|
0|291615|
0|291616|
0|291617|
0|291618|
0|291619|
0|291620|
0|291621|
0|291622|
0|291623|
0|291624|
0|291625|
0|291626|
0|291627|
0|291628|
0|291629|
0|291630|
0|291631|
0|291632|
0|291633|
0|291634|
0|291635|
0|291636|
0|291637|
0|291638|
0|291639|
0|291640|
0|291641|
0|291642|
