0|175472|
0|175473|
0|175474|
0|175475|
0|175476|
0|175477|
0|175478|
0|175479|
0|175480|
0|175481|
0|175482|
0|175483|
0|175484|
0|175485|
0|175486|
0|175487|
0|175488|
0|175489|
0|175490|
0|175491|
0|175492|
0|175493|
0|175494|
0|175495|
0|175496|
0|175497|
0|175498|
0|175499|
0|175500|
0|175501|
0|175502|
0|175503|
0|175504|
0|175505|
0|175506|
0|175507|
0|175508|
0|175509|
0|175510|
0|175511|
0|175512|
0|175513|
0|175514|
0|175515|
0|175516|
0|175517|
0|175518|
0|175519|
0|175520|
0|175521|
0|175522|
0|175523|
0|175524|
0|175525|
0|175526|
0|175527|
0|175528|
0|175529|
0|175530|
0|175531|
0|175532|
0|175533|
0|175534|
0|175535|
0|175536|
0|175537|
0|175538|
0|175539|
