0|668043|
0|668044|
0|668045|
0|668046|
0|668047|
0|668048|
0|668049|
0|668050|
0|668051|
0|668052|
0|668053|
0|668054|
0|668055|
0|668056|
0|668057|
0|668058|
0|668059|
0|668060|
0|668061|
0|668062|
0|668063|
0|668064|
0|668065|
0|668066|
0|668067|
0|668068|
0|668069|
0|668070|
0|668072|
0|668073|
0|668074|
0|668075|
0|668076|
0|668077|
0|668078|
0|668079|
0|668080|
0|668081|
0|668082|
0|668083|
0|668084|
0|668085|
0|668086|
0|668087|
0|668088|
0|668089|
0|668090|
0|668091|
0|668092|
0|668093|
0|668094|
0|668095|
0|668096|
0|668097|
0|668098|
0|668099|
