0|217751|
0|217752|
0|217753|
0|217754|
0|217755|
0|217756|
0|217757|
0|217758|
0|217759|
0|217760|
0|217761|
0|217762|
0|217763|
0|217764|
0|217765|
0|217766|
0|217767|
0|217768|
0|217769|
0|217770|
0|217771|
0|217772|
0|217773|
0|217774|
0|217775|
0|217776|
0|217777|
0|217778|
0|217779|
0|217780|
0|217781|
0|217782|
0|217783|
0|217784|
0|217785|
0|217786|
0|217787|
0|217788|
0|217789|
0|217790|
0|217791|
0|217792|
0|217793|
0|217794|
0|217795|
0|217796|
0|217797|
0|217798|
0|217799|
0|217800|
0|217801|
0|217802|
0|217803|
0|217804|
0|217805|
0|217806|
0|217807|
0|217808|
0|217809|
0|217810|
0|217811|
0|217812|
0|217813|
0|217814|
0|217815|
0|217816|
0|217817|
0|217818|
0|217819|
0|217820|
0|217821|
0|217822|
0|217823|
0|217824|
0|217825|
0|217826|
0|217827|
0|217828|
0|217829|
0|217830|
0|217831|
0|217832|
0|217833|
0|217834|
0|217835|
0|217836|
0|217837|
0|217838|
0|217839|
0|217840|
0|217841|
0|217842|
0|217843|
0|217844|
0|217845|
0|217846|
0|217847|
0|217848|
0|217849|
0|217850|
