0|606649|
0|606650|
0|606651|
0|606652|
0|606653|
0|606654|
0|606655|
0|606656|
0|606657|
0|606658|
0|606659|
0|606660|
0|606661|
0|606662|
0|606663|
0|606664|
0|606665|
0|606666|
0|606668|
0|606670|
0|606671|
0|606672|
0|606673|
0|606674|
0|606675|
0|606676|
0|606677|
0|606678|
0|606679|
0|606680|
0|606681|
0|606682|
0|606683|
0|606684|
0|606685|
0|606686|
0|606687|
0|606688|
0|606689|
0|606690|
0|606691|
0|606692|
0|606693|
0|606694|
0|606695|
0|606696|
0|606697|
0|606698|
0|606699|
0|606700|
0|606701|
0|606702|
0|606703|
0|606704|
0|606705|
0|606706|
0|606707|
0|606708|
0|606709|
0|606710|
0|606711|
0|606712|
0|606713|
0|606714|
0|606715|
0|606716|
0|606717|
0|606718|
0|606719|
0|606720|
0|606721|
0|606722|
0|606723|
0|606724|
0|606725|
0|606726|
0|606727|
0|606728|
0|606729|
0|606730|
0|606731|
0|606732|
0|606733|
0|606734|
0|606735|
0|606736|
0|606737|
0|606738|
0|606739|
0|606740|
0|606741|
0|606742|
0|606743|
0|606744|
0|606745|
0|606746|
0|606747|
0|606748|
0|606749|
0|606750|
0|606751|
0|606752|
0|606753|
