0|257049|
0|257050|
0|257051|
0|257052|
0|257053|
0|257054|
0|257055|
0|257056|
0|257057|
0|257058|
0|257059|
0|257060|
0|257061|
0|257062|
0|257063|
0|257064|
0|257065|
0|257066|
0|257067|
0|257068|
0|257069|
0|257070|
0|257071|
0|257072|
0|257073|
0|257074|
0|257075|
0|257076|
0|257077|
0|257078|
0|257079|
0|257080|
0|257081|
0|257082|
0|257083|
0|257084|
0|257085|
0|257086|
0|257087|
0|257088|
0|257089|
0|257090|
0|257091|
0|257092|
0|257093|
0|257094|
0|257095|
0|257096|
0|257097|
0|257098|
0|257099|
0|257100|
0|257101|
0|257102|
0|257103|
0|257104|
0|257105|
0|257106|
0|257107|
0|257108|
0|257109|
0|257110|
0|257111|
0|257112|
0|257113|
0|257114|
0|257115|
0|257116|
0|257117|
0|257118|
0|257119|
0|257120|
0|257121|
0|257122|
0|257123|
0|257124|
0|257125|
0|257126|
0|257127|
0|257128|
0|257129|
0|257130|
0|257131|
0|257132|
0|257133|
0|257134|
0|257135|
0|257136|
0|257137|
0|257138|
0|257139|
0|257140|
0|257141|
0|257142|
0|257143|
