0|221988|
0|221989|
0|221990|
0|221991|
0|221992|
0|221993|
0|221994|
0|221995|
0|221996|
0|221997|
0|221998|
0|221999|
0|222000|
0|222001|
0|222002|
0|222003|
0|222004|
0|222005|
0|222006|
0|222007|
0|222008|
0|222009|
0|222010|
0|222011|
0|222012|
0|222013|
0|222014|
0|222015|
0|222016|
0|222017|
0|222018|
0|222019|
0|222020|
0|222021|
0|222022|
0|222023|
0|222024|
0|222025|
0|222026|
0|222027|
0|222028|
0|222029|
0|222030|
0|222031|
0|222032|
0|222033|
0|222034|
0|222035|
0|222036|
0|222037|
0|222038|
0|222039|
0|222040|
0|222041|
0|222042|
0|222043|
0|222044|
0|222045|
0|222046|
0|222047|
0|222048|
0|222049|
0|222050|
0|222051|
0|222052|
0|222053|
0|222054|
0|222055|
