0|316198|
0|316199|
0|316200|
0|316201|
0|316202|
0|316203|
0|316204|
0|316205|
0|316206|
0|316207|
0|316208|
0|316209|
0|316210|
0|316211|
0|316212|
0|316213|
0|316214|
0|316215|
0|316216|
0|316217|
0|316218|
0|316219|
0|316220|
0|316221|
0|316222|
0|316223|
0|316224|
0|316225|
0|316226|
0|316227|
0|316228|
0|316229|
0|316230|
0|316231|
0|316232|
0|316233|
0|316234|
0|316235|
0|316236|
0|316237|
0|316238|
0|316239|
0|316240|
0|316241|
0|316242|
0|316243|
0|316244|
0|316245|
0|316246|
0|316247|
0|316248|
0|316249|
0|316250|
0|316251|
0|316252|
0|316253|
