0|282828|
0|282829|
0|282830|
0|282831|
0|282832|
0|282833|
0|282834|
0|282835|
0|282836|
0|282837|
0|282838|
0|282839|
0|282840|
0|282841|
0|282842|
0|282843|
0|282844|
0|282845|
0|282846|
0|282847|
0|282848|
0|282849|
0|282850|
0|282851|
0|282852|
0|282853|
0|282854|
0|282855|
0|282856|
0|282857|
0|282858|
0|282859|
0|282860|
0|282861|
0|282862|
0|282863|
0|282864|
0|282865|
0|282866|
0|282867|
0|282868|
0|282869|
0|282870|
0|282871|
0|282872|
0|282873|
0|282874|
0|282875|
0|282876|
0|282877|
0|282878|
0|282879|
0|282880|
0|282881|
0|282882|
