0|498038|
0|498039|
0|498040|
0|498041|
0|498042|
0|498043|
0|498044|
0|498045|
0|498046|
0|498047|
0|498048|
0|498049|
0|498050|
0|498051|
0|498052|
0|498053|
0|498054|
0|498055|
0|498056|
0|498057|
0|498058|
0|498059|
0|498060|
0|498061|
0|498062|
0|498063|
0|498064|
0|498065|
0|498066|
0|498067|
0|498068|
0|498069|
0|498070|
0|498071|
0|498072|
0|498073|
0|498074|
0|498075|
0|498076|
0|498077|
0|498078|
0|498079|
0|498080|
0|498081|
0|498083|
0|498085|
0|498087|
0|498089|
0|498090|
0|498091|
0|498092|
0|498093|
0|498094|
0|498095|
0|498097|
0|498099|
0|498101|
0|498103|
0|498105|
0|498107|
0|498108|
0|498109|
0|498110|
0|498111|
0|498112|
0|498113|
0|498114|
0|498115|
