0|645675|
0|645676|
0|645677|
0|645678|
0|645679|
0|645680|
0|645681|
0|645682|
0|645683|
0|645684|
0|645685|
0|645686|
0|645687|
0|645688|
0|645689|
0|645690|
0|645691|
0|645692|
0|645693|
0|645694|
0|645695|
0|645696|
0|645697|
0|645698|
0|645699|
0|645700|
0|645701|
0|645702|
0|645703|
0|645704|
0|645705|
0|645706|
0|645707|
0|645708|
0|645709|
0|645710|
0|645711|
0|645712|
0|645713|
0|645714|
0|645715|
0|645716|
0|645717|
0|645718|
0|645719|
0|645720|
0|645721|
0|645722|
0|645723|
0|645724|
0|645725|
0|645726|
0|645727|
0|645728|
0|645729|
