0|598740|
0|598741|
0|598742|
0|598743|
0|598744|
0|598745|
0|598746|
0|598747|
0|598748|
0|598749|
0|598750|
0|598751|
0|598752|
0|598753|
0|598754|
0|598755|
0|598756|
0|598757|
0|598758|
0|598759|
0|598760|
0|598761|
0|598762|
0|598763|
0|598764|
0|598765|
0|598766|
0|598767|
0|598768|
0|598769|
0|598770|
0|598771|
0|598772|
0|598773|
0|598774|
0|598775|
0|598776|
0|598777|
0|598778|
0|598779|
0|598780|
0|598781|
0|598782|
0|598783|
0|598784|
0|598785|
0|598786|
0|598787|
0|598788|
0|598789|
0|598790|
0|598791|
0|598792|
0|598793|
0|598794|
0|598795|
0|598796|
0|598797|
0|598798|
0|598799|
0|598800|
0|598801|
0|598802|
0|598803|
0|598804|
0|598805|
0|598806|
0|598807|
0|598808|
0|598809|
0|598810|
0|598811|
0|598812|
0|598813|
0|598814|
0|598815|
0|598816|
0|598817|
0|598818|
0|598819|
0|598820|
