0|236926|
0|236927|
0|236928|
0|236929|
0|236930|
0|236931|
0|236932|
0|236933|
0|236934|
0|236935|
0|236936|
0|236937|
0|236938|
0|236939|
0|236940|
0|236941|
0|236942|
0|236943|
0|236944|
0|236945|
0|236946|
0|236947|
0|236948|
0|236949|
0|236950|
0|236951|
0|236952|
0|236953|
0|236954|
0|236955|
0|236956|
0|236957|
0|236958|
0|236959|
0|236960|
0|236961|
0|236962|
0|236963|
0|236964|
0|236965|
0|236966|
0|236967|
0|236968|
0|236969|
0|236970|
0|236971|
0|236972|
0|236973|
0|236974|
0|236975|
0|236976|
