0|597396|
0|597397|
0|597398|
0|597399|
0|597400|
0|597401|
0|597402|
0|597403|
0|597404|
0|597405|
0|597406|
0|597407|
0|597408|
0|597409|
0|597410|
0|597411|
0|597412|
0|597413|
0|597414|
0|597415|
0|597416|
0|597417|
0|597418|
0|597419|
0|597420|
0|597421|
0|597422|
0|597423|
0|597424|
0|597425|
0|597426|
0|597427|
0|597428|
0|597429|
0|597430|
0|597431|
0|597432|
0|597433|
0|597434|
0|597435|
0|597436|
0|597437|
0|597438|
0|597439|
0|597440|
0|597441|
0|597442|
0|597443|
0|597444|
0|597445|
0|597446|
0|597447|
0|597448|
0|597449|
0|597450|
0|597451|
0|597452|
0|597453|
0|597454|
0|597455|
0|597456|
0|597457|
0|597458|
0|597459|
0|597460|
0|597461|
0|597462|
0|597463|
0|597464|
0|597465|
0|597466|
0|597467|
0|597468|
0|597469|
0|597470|
0|597471|
0|597472|
0|597473|
0|597474|
0|597475|
0|597476|
0|597477|
0|597478|
0|597479|
0|597480|
0|597481|
0|597482|
0|597483|
0|597484|
0|597485|
0|597486|
0|597487|
0|597488|
0|597490|
0|597492|
0|597494|
0|597497|
0|597499|
0|597501|
0|597503|
0|597505|
0|597507|
0|597509|
0|597511|
0|597513|
0|597515|
0|597517|
0|597519|
0|597521|
0|597523|
0|597525|
0|597527|
0|597529|
0|597531|
