0|21790|
0|21791|
0|21792|
0|21793|
0|21794|
0|21795|
0|21796|
0|21797|
0|21798|
0|21799|
0|21800|
0|21801|
0|21802|
0|21803|
0|21804|
0|21805|
0|21806|
0|21807|
0|21808|
0|21809|
0|21810|
0|21811|
0|21812|
0|21813|
0|21814|
0|21815|
0|21816|
0|21817|
0|21818|
0|21819|
0|21820|
0|21821|
0|21822|
0|21823|
0|21824|
0|21825|
0|21826|
0|21827|
0|21828|
0|21829|
0|21830|
0|21831|
0|21832|
0|21833|
0|21834|
0|21835|
0|21836|
0|21837|
0|21838|
0|21839|
0|21840|
0|21841|
0|21842|
0|21843|
0|21844|
0|21845|
0|21846|
0|21847|
0|21848|
0|21849|
0|21850|
0|21851|
0|21852|
0|21853|
0|21854|
0|21855|
0|21856|
0|21857|
0|21858|
0|21859|
0|21860|
0|21861|
0|21862|
0|21863|
0|21864|
0|21865|
0|21866|
0|21867|
0|21868|
0|21869|
0|21870|
0|21871|
0|21872|
0|21873|
0|21874|
0|21875|
0|21876|
0|21877|
0|21878|
0|21879|
0|21880|
0|21881|
0|21882|
0|21883|
0|21884|
0|21885|
0|21886|
0|21887|
0|21888|
0|21889|
0|21890|
0|21891|
0|21892|
0|21893|
0|21894|
0|21895|
0|21896|
0|21897|
0|21898|
0|21899|
0|21900|
0|21901|
0|21902|
0|21903|
0|21904|
0|21905|
0|21906|
0|21907|
0|21908|
0|21909|
0|21910|
0|21911|
