0|202480|
0|202482|
0|202484|
0|202486|
0|202488|
0|202490|
0|202492|
0|202494|
0|202496|
0|202498|
0|202500|
0|202502|
0|202504|
0|202506|
0|202508|
0|202510|
0|202512|
0|202514|
0|202516|
0|202518|
0|202520|
0|202522|
0|202524|
0|202526|
0|202528|
0|202530|
0|202532|
0|202534|
0|202536|
0|202538|
0|202540|
0|202542|
0|202544|
0|202546|
0|202548|
0|202551|
0|202553|
0|202555|
0|202557|
0|202559|
0|202560|
0|202562|
0|202564|
0|202566|
0|202568|
0|202569|
0|202570|
0|202571|
0|202572|
0|202573|
0|202574|
0|202575|
0|202576|
0|202577|
0|202578|
0|202579|
0|202580|
0|202581|
0|202582|
0|202583|
0|202584|
0|202585|
0|202586|
0|202587|
0|202588|
0|202589|
0|202590|
0|202591|
0|202592|
