0|454415|
0|454416|
0|454417|
0|454418|
0|454419|
0|454420|
0|454421|
0|454422|
0|454423|
0|454424|
0|454425|
0|454426|
0|454427|
0|454428|
0|454429|
0|454430|
0|454431|
0|454432|
0|454433|
0|454434|
0|454435|
0|454436|
0|454437|
0|454438|
0|454439|
0|454440|
0|454441|
0|454442|
0|454443|
0|454444|
0|454445|
0|454446|
0|454447|
0|454448|
0|454449|
0|454450|
0|454451|
0|454452|
0|454453|
0|454454|
0|454455|
0|454456|
0|454457|
0|454458|
0|454459|
0|454460|
0|454461|
0|454462|
0|454463|
0|454464|
0|454465|
0|454466|
0|454467|
