0|352387|
0|352388|
0|352389|
0|352390|
0|352391|
0|352392|
0|352393|
0|352394|
0|352395|
0|352396|
0|352397|
0|352398|
0|352399|
0|352400|
0|352401|
0|352402|
0|352403|
0|352404|
0|352405|
0|352406|
0|352407|
0|352408|
0|352409|
0|352410|
0|352411|
0|352412|
0|352413|
0|352414|
0|352415|
0|352416|
0|352417|
0|352418|
0|352419|
0|352420|
0|352421|
0|352422|
0|352423|
0|352424|
0|352425|
0|352426|
0|352427|
0|352428|
0|352429|
0|352430|
0|352431|
0|352432|
0|352433|
0|352434|
0|352435|
0|352436|
0|352437|
0|352438|
0|352439|
0|352440|
0|352441|
0|352442|
0|352443|
0|352444|
0|352445|
0|352446|
0|352447|
0|352448|
0|352449|
0|352450|
0|352451|
0|352452|
0|352453|
0|352454|
0|352455|
0|352456|
0|352457|
0|352458|
0|352459|
0|352460|
0|352461|
0|352462|
0|352463|
0|352464|
0|352465|
0|352466|
0|352467|
0|352468|
0|352469|
0|352470|
0|352471|
0|352472|
0|352473|
0|352474|
0|352475|
0|352476|
0|352477|
0|352478|
0|352479|
0|352480|
0|352481|
0|352482|
0|352483|
0|352484|
0|352485|
0|352486|
