0|429653|
0|429654|
0|429655|
0|429656|
0|429657|
0|429658|
0|429659|
0|429660|
0|429661|
0|429662|
0|429663|
0|429664|
0|429665|
0|429666|
0|429667|
0|429668|
0|429669|
0|429670|
0|429671|
0|429672|
0|429673|
0|429674|
0|429675|
0|429676|
0|429677|
0|429678|
0|429679|
0|429680|
0|429681|
0|429682|
0|429683|
0|429684|
0|429685|
0|429686|
0|429687|
0|429688|
0|429689|
0|429690|
0|429691|
0|429692|
0|429693|
0|429694|
0|429695|
0|429696|
0|429697|
0|429698|
0|429699|
0|429700|
0|429701|
0|429702|
0|429703|
0|429704|
0|429705|
0|429706|
0|429707|
0|429708|
0|429709|
0|429710|
0|429711|
0|429712|
0|429713|
0|429714|
0|429715|
0|429716|
0|429717|
0|429718|
0|429719|
0|429720|
0|429721|
0|429722|
0|429723|
0|429724|
0|429725|
0|429726|
0|429727|
0|429728|
0|429729|
0|429730|
0|429731|
0|429732|
0|429733|
0|429734|
0|429735|
