0|310513|
0|310514|
0|310515|
0|310516|
0|310517|
0|310518|
0|310519|
0|310520|
0|310521|
0|310522|
0|310523|
0|310524|
0|310525|
0|310526|
0|310527|
0|310528|
0|310529|
0|310530|
0|310531|
0|310532|
0|310533|
0|310534|
0|310535|
0|310536|
0|310537|
0|310538|
0|310539|
0|310540|
0|310541|
0|310542|
0|310543|
0|310544|
0|310545|
0|310546|
0|310547|
0|310548|
0|310549|
0|310550|
0|310551|
0|310552|
0|310553|
0|310554|
0|310555|
0|310556|
0|310557|
0|310558|
0|310559|
0|310560|
0|310561|
0|310562|
0|310563|
0|310564|
0|310565|
0|310566|
0|310567|
0|310568|
0|310569|
0|310570|
0|310571|
0|310572|
0|310573|
0|310574|
0|310575|
0|310576|
0|310577|
0|310578|
0|310579|
0|310580|
0|310581|
0|310582|
0|310583|
0|310584|
0|310585|
0|310586|
0|310587|
0|310588|
0|310589|
0|310590|
0|310591|
0|310592|
0|310593|
0|310594|
0|310595|
