0|477406|
0|477407|
0|477408|
0|477409|
0|477410|
0|477411|
0|477412|
0|477413|
0|477414|
0|477415|
0|477416|
0|477417|
0|477418|
0|477419|
0|477420|
0|477421|
0|477422|
0|477423|
0|477424|
0|477425|
0|477426|
0|477427|
0|477428|
0|477429|
0|477430|
0|477431|
0|477432|
0|477433|
0|477434|
0|477435|
0|477436|
0|477437|
0|477438|
0|477439|
0|477440|
0|477441|
0|477442|
0|477443|
0|477444|
0|477445|
0|477446|
0|477447|
0|477448|
0|477449|
0|477450|
0|477451|
0|477452|
0|477453|
0|477454|
0|477455|
0|477456|
0|477457|
0|477458|
0|477459|
0|477460|
0|477461|
0|477462|
0|477463|
0|477464|
0|477465|
0|477466|
0|477467|
0|477468|
0|477469|
0|477470|
0|477471|
0|477472|
0|477473|
0|477474|
0|477475|
0|477476|
0|477477|
0|477478|
0|477479|
0|477480|
0|477481|
0|477482|
0|477483|
0|477484|
0|477485|
0|477486|
0|477487|
0|477488|
0|477489|
0|477490|
0|477491|
0|477492|
0|477493|
0|477494|
0|477495|
0|477496|
0|477497|
