0|125072|
0|125073|
0|125074|
0|125075|
0|125076|
0|125077|
0|125078|
0|125079|
0|125080|
0|125081|
0|125082|
0|125083|
0|125084|
0|125085|
0|125086|
0|125087|
0|125088|
0|125089|
0|125090|
0|125091|
0|125092|
0|125093|
0|125094|
0|125095|
0|125096|
0|125097|
0|125098|
0|125099|
0|125100|
0|125101|
0|125102|
0|125103|
0|125104|
0|125105|
0|125106|
0|125107|
0|125108|
0|125109|
0|125110|
0|125111|
0|125112|
0|125113|
0|125114|
0|125115|
0|125116|
0|125117|
0|125118|
0|125119|
0|125120|
0|125121|
0|125122|
0|125123|
0|125124|
0|125125|
0|125126|
0|125127|
0|125128|
0|125129|
0|125130|
0|125131|
0|125132|
0|125133|
0|125134|
0|125135|
0|125136|
0|125137|
0|125138|
0|125139|
0|125140|
0|125141|
0|125142|
0|125144|
0|125145|
0|125146|
0|125147|
0|125148|
0|125149|
0|125150|
0|125151|
0|125152|
0|125153|
0|125154|
0|125155|
0|125156|
0|125157|
0|125158|
0|125159|
0|125160|
0|125161|
0|125162|
0|125163|
0|125164|
0|125165|
0|125166|
0|125167|
0|125168|
0|125169|
