0|161436|
0|161437|
0|161438|
0|161439|
0|161440|
0|161441|
0|161442|
0|161443|
0|161444|
0|161445|
0|161446|
0|161447|
0|161448|
0|161449|
0|161450|
0|161451|
0|161452|
0|161453|
0|161454|
0|161455|
0|161456|
0|161457|
0|161458|
0|161459|
0|161460|
0|161461|
0|161462|
0|161463|
0|161464|
0|161465|
0|161466|
0|161467|
0|161468|
0|161469|
0|161470|
0|161471|
0|161472|
0|161473|
0|161474|
0|161475|
0|161476|
0|161477|
0|161478|
0|161479|
0|161480|
0|161481|
0|161482|
0|161483|
0|161484|
0|161485|
0|161486|
0|161487|
0|161488|
0|161489|
0|161490|
0|161491|
0|161492|
0|161493|
0|161494|
0|161495|
0|161496|
0|161497|
0|161498|
0|161499|
0|161500|
0|161501|
0|161502|
0|161503|
0|161504|
0|161505|
0|161506|
0|161507|
0|161508|
0|161509|
0|161510|
0|161511|
0|161512|
0|161513|
0|161514|
0|161515|
0|161516|
0|161517|
0|161518|
0|161519|
0|161520|
0|161521|
0|161522|
0|161523|
0|161524|
0|161525|
0|161526|
0|161527|
0|161528|
0|161529|
0|161530|
0|161531|
0|161532|
0|161533|
