0|699697|
0|699698|
0|699699|
0|699700|
0|699701|
0|699702|
0|699703|
0|699704|
0|699705|
0|699706|
0|699707|
0|699708|
0|699709|
0|699710|
0|699711|
0|699712|
0|699713|
0|699714|
0|699715|
0|699716|
0|699717|
0|699718|
0|699719|
0|699720|
0|699721|
0|699722|
0|699723|
0|699724|
0|699725|
0|699726|
0|699727|
0|699728|
0|699729|
0|699730|
0|699731|
0|699732|
0|699733|
0|699734|
0|699735|
0|699736|
0|699737|
0|699738|
0|699739|
0|699740|
0|699741|
0|699742|
0|699743|
0|699744|
0|699745|
0|699746|
0|699747|
0|699748|
0|699749|
0|699750|
0|699751|
0|699752|
0|699753|
0|699754|
0|699755|
0|699756|
0|699757|
0|699758|
0|699759|
0|699760|
0|699761|
0|699762|
0|699763|
0|699764|
0|699765|
0|699766|
0|699767|
