0|599066|
0|599067|
0|599068|
0|599069|
0|599070|
0|599071|
0|599072|
0|599073|
0|599074|
0|599075|
0|599076|
0|599077|
0|599078|
0|599079|
0|599080|
0|599081|
0|599082|
0|599083|
0|599084|
0|599085|
0|599086|
0|599087|
0|599088|
0|599089|
0|599090|
0|599091|
0|599092|
0|599093|
0|599094|
0|599095|
0|599096|
0|599097|
0|599098|
0|599099|
0|599100|
0|599101|
0|599102|
0|599103|
0|599104|
0|599105|
0|599106|
0|599107|
0|599108|
0|599109|
0|599110|
0|599111|
0|599112|
0|599113|
0|599114|
0|599115|
0|599116|
0|599117|
0|599118|
0|599119|
0|599120|
0|599121|
0|599122|
0|599123|
0|599124|
0|599125|
0|599126|
0|599127|
0|599128|
0|599129|
0|599130|
0|599131|
0|599132|
0|599133|
0|599134|
0|599135|
0|599137|
0|599138|
0|599139|
0|599140|
0|599141|
0|599142|
0|599143|
0|599144|
0|599145|
0|599146|
0|599147|
