0|88224|
0|88225|
0|88226|
0|88227|
0|88228|
0|88229|
0|88230|
0|88231|
0|88232|
0|88233|
0|88234|
0|88235|
0|88236|
0|88237|
0|88238|
0|88239|
0|88240|
0|88241|
0|88242|
0|88243|
0|88244|
0|88245|
0|88246|
0|88247|
0|88248|
0|88249|
0|88250|
0|88251|
0|88252|
0|88253|
0|88254|
0|88255|
0|88256|
0|88257|
0|88258|
0|88259|
0|88260|
0|88261|
0|88262|
0|88263|
0|88264|
0|88265|
0|88266|
0|88267|
0|88268|
0|88269|
0|88270|
0|88271|
0|88272|
0|88273|
0|88274|
0|88275|
0|88276|
0|88277|
0|88278|
0|88279|
0|88280|
0|88281|
0|88282|
0|88283|
0|88284|
