0|397095|
0|397096|
0|397097|
0|397098|
0|397099|
0|397100|
0|397101|
0|397102|
0|397103|
0|397104|
0|397105|
0|397106|
0|397107|
0|397108|
0|397109|
0|397110|
0|397111|
0|397112|
0|397113|
0|397114|
0|397115|
0|397116|
0|397117|
0|397118|
0|397119|
0|397120|
0|397121|
0|397122|
0|397123|
0|397124|
0|397125|
0|397126|
0|397127|
0|397128|
0|397129|
0|397130|
0|397131|
0|397132|
0|397133|
0|397134|
0|397135|
0|397136|
0|397137|
0|397138|
0|397139|
0|397140|
0|397141|
0|397142|
0|397143|
0|397144|
0|397145|
0|397146|
0|397147|
0|397148|
0|397149|
0|397150|
0|397151|
0|397152|
0|397153|
0|397154|
0|397155|
0|397156|
0|397157|
0|397158|
0|397159|
0|397160|
0|397161|
0|397162|
0|397163|
0|397164|
