0|192527|
0|192528|
0|192529|
0|192530|
0|192531|
0|192532|
0|192533|
0|192534|
0|192535|
0|192536|
0|192537|
0|192538|
0|192539|
0|192540|
0|192541|
0|192542|
0|192543|
0|192544|
0|192545|
0|192546|
0|192547|
0|192548|
0|192549|
0|192550|
0|192551|
0|192552|
0|192553|
0|192554|
0|192555|
0|192556|
0|192557|
0|192558|
0|192559|
0|192560|
0|192561|
0|192562|
0|192563|
0|192564|
0|192565|
0|192566|
0|192567|
0|192568|
0|192569|
0|192570|
0|192571|
0|192572|
0|192573|
0|192574|
0|192575|
0|192576|
0|192577|
0|192578|
0|192579|
0|192580|
0|192581|
0|192582|
0|192583|
0|192584|
0|192585|
0|192586|
0|192587|
0|192588|
0|192589|
0|192590|
0|192591|
0|192592|
0|192593|
0|192594|
0|192595|
0|192596|
0|192597|
0|192598|
0|192599|
0|192600|
0|192601|
0|192602|
0|192603|
0|192604|
0|192605|
0|192606|
0|192607|
0|192608|
0|192609|
0|192610|
0|192611|
0|192612|
0|192613|
0|192614|
0|192615|
0|192616|
0|192617|
0|192618|
0|192619|
0|192620|
0|192621|
0|192622|
0|192623|
0|192624|
0|192625|
0|192626|
0|192627|
0|192628|
0|192629|
0|192630|
0|192631|
0|192632|
