0|176393|
0|176394|
0|176395|
0|176396|
0|176397|
0|176398|
0|176399|
0|176400|
0|176401|
0|176402|
0|176403|
0|176404|
0|176405|
0|176406|
0|176407|
0|176408|
0|176409|
0|176410|
0|176411|
0|176412|
0|176413|
0|176414|
0|176415|
0|176416|
0|176417|
0|176418|
0|176419|
0|176420|
0|176421|
0|176422|
0|176423|
0|176424|
0|176425|
0|176426|
0|176427|
0|176428|
0|176429|
0|176430|
0|176431|
0|176432|
0|176433|
0|176434|
0|176435|
0|176436|
0|176437|
0|176438|
0|176439|
0|176440|
0|176441|
0|176442|
