0|660352|
0|660354|
0|660356|
0|660358|
0|660360|
0|660362|
0|660364|
0|660366|
0|660368|
0|660370|
0|660372|
0|660374|
0|660376|
0|660378|
0|660380|
0|660382|
0|660384|
0|660386|
0|660388|
0|660390|
0|660392|
0|660394|
0|660396|
0|660397|
0|660398|
0|660399|
0|660400|
0|660401|
0|660402|
0|660403|
0|660404|
0|660405|
0|660406|
0|660407|
0|660408|
0|660409|
0|660410|
0|660411|
0|660412|
0|660413|
0|660414|
0|660415|
0|660416|
0|660417|
0|660418|
0|660419|
0|660420|
0|660421|
0|660422|
0|660423|
0|660424|
0|660425|
0|660426|
0|660427|
0|660428|
0|660429|
0|660430|
0|660431|
0|660432|
0|660433|
0|660434|
0|660435|
0|660436|
0|660437|
0|660438|
0|660439|
0|660440|
0|660441|
0|660442|
0|660443|
0|660444|
0|660445|
0|660446|
0|660447|
0|660448|
0|660449|
0|660450|
0|660452|
0|660454|
0|660456|
0|660458|
