0|611798|
0|611799|
0|611800|
0|611801|
0|611802|
0|611803|
0|611804|
0|611805|
0|611806|
0|611807|
0|611808|
0|611809|
0|611810|
0|611811|
0|611812|
0|611813|
0|611814|
0|611815|
0|611816|
0|611817|
0|611818|
0|611819|
0|611820|
0|611821|
0|611822|
0|611823|
0|611824|
0|611825|
0|611826|
0|611827|
0|611828|
0|611829|
0|611830|
0|611831|
0|611832|
0|611833|
0|611834|
0|611835|
0|611836|
0|611837|
0|611838|
0|611839|
0|611840|
0|611841|
0|611842|
0|611843|
0|611844|
0|611845|
0|611846|
0|611847|
0|611848|
0|611849|
0|611850|
0|611851|
0|611852|
0|611853|
0|611854|
0|611855|
0|611856|
0|611857|
0|611858|
0|611859|
0|611860|
0|611861|
0|611862|
0|611863|
0|611864|
0|611865|
0|611866|
0|611867|
0|611868|
0|611869|
0|611870|
0|611871|
0|611872|
0|611873|
0|611874|
0|611875|
0|611876|
0|611877|
0|611878|
0|611879|
0|611880|
