0|176126|
0|176127|
0|176128|
0|176129|
0|176130|
0|176131|
0|176132|
0|176133|
0|176134|
0|176135|
0|176136|
0|176137|
0|176138|
0|176139|
0|176140|
0|176141|
0|176142|
0|176143|
0|176144|
0|176145|
0|176146|
0|176147|
0|176148|
0|176149|
0|176150|
0|176151|
0|176152|
0|176153|
0|176154|
0|176155|
0|176156|
0|176157|
0|176158|
0|176159|
0|176160|
0|176161|
0|176162|
0|176163|
0|176164|
0|176165|
0|176166|
0|176167|
0|176168|
0|176169|
0|176170|
0|176171|
0|176172|
0|176173|
0|176174|
0|176175|
0|176176|
0|176177|
0|176178|
0|176179|
0|176180|
0|176181|
0|176182|
0|176183|
0|176184|
0|176185|
0|176186|
0|176187|
0|176188|
0|176189|
0|176190|
0|176191|
0|176192|
0|176193|
0|176194|
0|176195|
0|176196|
0|176197|
0|176198|
0|176199|
0|176200|
0|176201|
