0|301944|
0|301945|
0|301946|
0|301947|
0|301948|
0|301949|
0|301950|
0|301951|
0|301952|
0|301953|
0|301954|
0|301955|
0|301956|
0|301957|
0|301958|
0|301959|
0|301960|
0|301961|
0|301962|
0|301963|
0|301964|
0|301965|
0|301966|
0|301967|
0|301968|
0|301969|
0|301970|
0|301971|
0|301972|
0|301973|
0|301974|
0|301975|
0|301976|
0|301977|
0|301978|
0|301979|
0|301980|
0|301981|
0|301982|
0|301983|
0|301984|
0|301985|
0|301986|
0|301987|
0|301988|
0|301989|
0|301990|
0|301991|
0|301992|
0|301993|
0|301994|
0|301995|
