0|398819|
0|398820|
0|398821|
0|398822|
0|398823|
0|398824|
0|398825|
0|398826|
0|398827|
0|398828|
0|398829|
0|398830|
0|398831|
0|398832|
0|398833|
0|398834|
0|398835|
0|398836|
0|398837|
0|398838|
0|398839|
0|398840|
0|398841|
0|398842|
0|398843|
0|398844|
0|398845|
0|398846|
0|398847|
0|398848|
0|398849|
0|398850|
0|398851|
0|398852|
0|398853|
0|398854|
0|398855|
0|398856|
0|398857|
0|398858|
0|398859|
0|398860|
0|398861|
0|398862|
0|398863|
0|398864|
0|398865|
0|398866|
0|398867|
0|398868|
0|398869|
0|398870|
0|398871|
0|398872|
0|398873|
0|398874|
0|398875|
0|398876|
0|398877|
0|398878|
0|398879|
0|398880|
0|398881|
0|398882|
0|398883|
0|398884|
0|398885|
0|398886|
0|398887|
0|398888|
