0|253324|
0|253325|
0|253326|
0|253327|
0|253328|
0|253329|
0|253330|
0|253331|
0|253332|
0|253333|
0|253334|
0|253335|
0|253336|
0|253337|
0|253338|
0|253339|
0|253340|
0|253341|
0|253342|
0|253343|
0|253344|
0|253345|
0|253346|
0|253347|
0|253348|
0|253349|
0|253350|
0|253351|
0|253352|
0|253353|
0|253354|
0|253355|
0|253356|
0|253357|
0|253358|
0|253359|
0|253360|
0|253361|
0|253362|
0|253363|
0|253364|
0|253365|
0|253366|
0|253367|
0|253368|
0|253369|
0|253370|
0|253371|
0|253372|
0|253373|
