0|496482|
0|496483|
0|496484|
0|496485|
0|496486|
0|496487|
0|496488|
0|496489|
0|496490|
0|496491|
0|496492|
0|496493|
0|496494|
0|496495|
0|496496|
0|496497|
0|496498|
0|496499|
0|496500|
0|496501|
0|496502|
0|496503|
0|496504|
0|496505|
0|496506|
0|496507|
0|496508|
0|496509|
0|496510|
0|496511|
0|496512|
0|496513|
0|496514|
0|496515|
0|496516|
0|496517|
0|496518|
0|496519|
0|496520|
0|496521|
0|496522|
0|496523|
0|496524|
0|496525|
0|496526|
0|496527|
0|496528|
0|496529|
0|496530|
0|496531|
