0|528572|
0|528573|
0|528574|
0|528575|
0|528576|
0|528577|
0|528578|
0|528579|
0|528580|
0|528581|
0|528582|
0|528583|
0|528584|
0|528585|
0|528586|
0|528587|
0|528588|
0|528589|
0|528590|
0|528591|
0|528592|
0|528593|
0|528594|
0|528595|
0|528596|
0|528597|
0|528598|
0|528599|
0|528600|
0|528601|
0|528602|
0|528603|
0|528604|
0|528605|
0|528606|
0|528607|
0|528608|
0|528609|
0|528610|
0|528611|
0|528612|
0|528613|
0|528614|
0|528615|
0|528616|
0|528617|
0|528618|
0|528619|
0|528620|
0|528621|
0|528622|
0|528623|
0|528624|
0|528625|
0|528626|
0|528627|
0|528628|
0|528629|
0|528630|
0|528631|
0|528632|
0|528633|
0|528634|
0|528635|
0|528636|
0|528637|
0|528638|
0|528639|
0|528640|
0|528641|
0|528642|
0|528643|
0|528644|
0|528645|
0|528646|
0|528647|
0|528648|
0|528649|
0|528650|
0|528651|
0|528652|
0|528653|
0|528654|
0|528655|
0|528656|
0|528657|
0|528658|
