0|502649|
0|502650|
0|502651|
0|502652|
0|502653|
0|502654|
0|502655|
0|502656|
0|502657|
0|502658|
0|502659|
0|502660|
0|502661|
0|502662|
0|502663|
0|502664|
0|502665|
0|502666|
0|502667|
0|502668|
0|502669|
0|502670|
0|502671|
0|502672|
0|502673|
0|502674|
0|502675|
0|502676|
0|502677|
0|502678|
0|502679|
0|502680|
0|502681|
0|502682|
0|502683|
0|502684|
0|502685|
0|502686|
0|502687|
0|502688|
0|502689|
0|502690|
0|502691|
0|502692|
0|502693|
0|502694|
0|502695|
0|502696|
0|502697|
0|502698|
0|502699|
0|502700|
0|502701|
0|502702|
0|502703|
0|502704|
0|502705|
0|502706|
0|502707|
0|502708|
0|502709|
0|502710|
0|502711|
0|502712|
0|502713|
0|502714|
0|502715|
0|502716|
0|502717|
0|502718|
0|502719|
0|502720|
0|502721|
0|502722|
0|502723|
0|502724|
0|502725|
0|502726|
0|502727|
0|502728|
0|502729|
0|502730|
0|502731|
0|502732|
0|502733|
0|502734|
0|502735|
0|502736|
0|502737|
0|502738|
0|502739|
0|502740|
0|502741|
0|502742|
0|502743|
0|502744|
0|502745|
0|502746|
0|502747|
0|502748|
0|502749|
0|502750|
0|502751|
0|502752|
0|502753|
0|502754|
0|502755|
0|502756|
0|502757|
0|502758|
0|502759|
