0|361328|
0|361329|
0|361330|
0|361331|
0|361332|
0|361333|
0|361334|
0|361335|
0|361336|
0|361337|
0|361338|
0|361339|
0|361340|
0|361341|
0|361342|
0|361343|
0|361344|
0|361345|
0|361346|
0|361347|
0|361348|
0|361349|
0|361350|
0|361351|
0|361352|
0|361353|
0|361354|
0|361355|
0|361356|
0|361357|
0|361358|
0|361359|
0|361360|
0|361361|
0|361362|
0|361363|
0|361364|
0|361365|
0|361366|
0|361367|
0|361368|
0|361369|
0|361370|
0|361371|
0|361372|
0|361373|
0|361374|
0|361375|
0|361376|
0|361377|
0|361378|
0|361379|
0|361380|
0|361381|
0|361382|
0|361383|
0|361384|
0|361385|
0|361386|
0|361387|
0|361388|
0|361389|
0|361390|
0|361391|
0|361392|
0|361393|
0|361394|
0|361395|
0|361396|
0|361397|
0|361398|
0|361399|
0|361400|
0|361401|
0|361402|
0|361403|
0|361404|
0|361405|
0|361406|
0|361407|
0|361408|
0|361409|
0|361410|
0|361411|
0|361412|
0|361413|
0|361414|
0|361415|
0|361416|
0|361417|
0|361418|
0|361419|
0|361420|
0|361421|
0|361422|
0|361423|
0|361424|
0|361425|
0|361426|
0|361427|
0|361428|
0|361429|
0|361430|
