0|656241|
0|656242|
0|656243|
0|656244|
0|656245|
0|656246|
0|656247|
0|656248|
0|656249|
0|656250|
0|656251|
0|656252|
0|656253|
0|656254|
0|656255|
0|656256|
0|656257|
0|656258|
0|656259|
0|656260|
0|656261|
0|656263|
0|656264|
0|656265|
0|656266|
0|656267|
0|656268|
0|656269|
0|656270|
0|656271|
0|656272|
0|656273|
0|656274|
0|656275|
0|656276|
0|656277|
0|656278|
0|656279|
0|656280|
0|656281|
0|656282|
0|656283|
0|656284|
0|656286|
0|656288|
0|656290|
0|656292|
0|656294|
0|656296|
0|656298|
0|656300|
0|656302|
0|656304|
0|656306|
0|656308|
0|656310|
0|656312|
0|656314|
0|656316|
0|656318|
0|656320|
0|656322|
0|656324|
0|656326|
0|656328|
0|656330|
0|656332|
0|656334|
0|656336|
0|656338|
0|656340|
0|656342|
0|656344|
0|656346|
0|656348|
0|656350|
0|656352|
0|656354|
0|656356|
0|656358|
0|656360|
