0|372485|
0|372486|
0|372487|
0|372488|
0|372489|
0|372490|
0|372491|
0|372492|
0|372493|
0|372494|
0|372495|
0|372496|
0|372497|
0|372498|
0|372499|
0|372500|
0|372501|
0|372502|
0|372503|
0|372504|
0|372505|
0|372506|
0|372507|
0|372508|
0|372509|
0|372510|
0|372511|
0|372512|
0|372513|
0|372514|
0|372515|
0|372516|
0|372517|
0|372518|
0|372519|
0|372520|
0|372521|
0|372522|
0|372523|
0|372524|
0|372525|
0|372526|
0|372527|
0|372528|
0|372529|
0|372530|
0|372531|
0|372532|
0|372533|
0|372534|
0|372535|
0|372536|
0|372537|
0|372538|
0|372539|
0|372540|
0|372541|
0|372542|
0|372543|
0|372544|
0|372545|
0|372546|
0|372547|
0|372548|
0|372549|
0|372550|
0|372551|
0|372552|
0|372553|
0|372554|
0|372555|
0|372556|
0|372557|
0|372558|
0|372559|
0|372560|
0|372561|
0|372562|
0|372563|
0|372564|
0|372565|
0|372566|
0|372567|
0|372568|
0|372569|
0|372570|
0|372571|
0|372572|
0|372573|
0|372574|
0|372575|
0|372576|
0|372577|
0|372578|
0|372579|
0|372580|
0|372581|
0|372582|
0|372583|
0|372584|
0|372585|
0|372586|
0|372587|
0|372588|
0|372589|
0|372590|
