0|195806|
0|195807|
0|195808|
0|195809|
0|195810|
0|195811|
0|195812|
0|195813|
0|195814|
0|195815|
0|195816|
0|195817|
0|195818|
0|195819|
0|195820|
0|195821|
0|195822|
0|195823|
0|195824|
0|195825|
0|195826|
0|195827|
0|195828|
0|195829|
0|195830|
0|195831|
0|195832|
0|195833|
0|195834|
0|195835|
0|195836|
0|195837|
0|195838|
0|195839|
0|195840|
0|195841|
0|195842|
0|195843|
0|195844|
0|195845|
0|195846|
0|195847|
0|195848|
0|195849|
0|195850|
0|195851|
0|195852|
0|195853|
0|195854|
0|195855|
0|195856|
