0|471345|
0|471346|
0|471347|
0|471348|
0|471349|
0|471350|
0|471351|
0|471352|
0|471353|
0|471354|
0|471355|
0|471356|
0|471357|
0|471358|
0|471359|
0|471360|
0|471361|
0|471362|
0|471363|
0|471364|
0|471365|
0|471366|
0|471367|
0|471368|
0|471369|
0|471370|
0|471371|
0|471372|
0|471373|
0|471374|
0|471375|
0|471376|
0|471377|
0|471378|
0|471379|
0|471380|
0|471381|
0|471382|
0|471383|
0|471384|
0|471385|
0|471386|
0|471387|
0|471388|
0|471389|
0|471390|
0|471391|
0|471392|
0|471393|
0|471394|
0|471395|
0|471396|
0|471397|
0|471398|
0|471399|
0|471400|
0|471401|
0|471402|
0|471403|
0|471404|
0|471405|
0|471406|
0|471407|
0|471408|
0|471409|
0|471410|
0|471411|
0|471412|
0|471413|
0|471414|
0|471415|
0|471416|
