0|631000|
0|631001|
0|631002|
0|631003|
0|631004|
0|631005|
0|631006|
0|631007|
0|631008|
0|631009|
0|631010|
0|631011|
0|631012|
0|631013|
0|631014|
0|631015|
0|631016|
0|631017|
0|631018|
0|631019|
0|631020|
0|631021|
0|631022|
0|631023|
0|631024|
0|631025|
0|631026|
0|631027|
0|631028|
0|631029|
0|631030|
0|631031|
0|631032|
0|631033|
0|631034|
0|631035|
0|631036|
0|631037|
0|631038|
0|631039|
0|631040|
0|631041|
0|631042|
0|631043|
0|631044|
0|631045|
0|631046|
0|631047|
0|631048|
0|631049|
