0|156642|
0|156643|
0|156644|
0|156645|
0|156646|
0|156647|
0|156648|
0|156649|
0|156650|
0|156651|
0|156652|
0|156653|
0|156654|
0|156655|
0|156656|
0|156657|
0|156658|
0|156659|
0|156660|
0|156661|
0|156662|
0|156663|
0|156664|
0|156665|
0|156666|
0|156667|
0|156668|
0|156669|
0|156670|
0|156671|
0|156672|
0|156673|
0|156674|
0|156675|
0|156676|
0|156677|
0|156678|
0|156679|
0|156680|
0|156681|
0|156682|
0|156683|
0|156684|
0|156685|
0|156686|
0|156687|
0|156688|
0|156689|
0|156690|
0|156691|
0|156692|
0|156693|
0|156694|
0|156695|
0|156696|
0|156697|
0|156698|
