0|313266|
0|313267|
0|313268|
0|313269|
0|313270|
0|313271|
0|313272|
0|313273|
0|313274|
0|313275|
0|313276|
0|313277|
0|313278|
0|313279|
0|313280|
0|313281|
0|313282|
0|313283|
0|313284|
0|313285|
0|313286|
0|313287|
0|313288|
0|313289|
0|313290|
0|313291|
0|313292|
0|313293|
0|313294|
0|313295|
0|313296|
0|313297|
0|313298|
0|313299|
0|313300|
0|313301|
0|313302|
0|313303|
0|313304|
0|313305|
0|313306|
0|313307|
0|313308|
0|313309|
0|313310|
0|313311|
0|313312|
0|313313|
0|313314|
0|313315|
0|313316|
0|313317|
0|313318|
0|313319|
0|313320|
0|313321|
0|313322|
0|313323|
0|313324|
0|313325|
0|313326|
0|313327|
0|313328|
0|313329|
0|313330|
0|313331|
0|313332|
0|313333|
0|313334|
0|313335|
0|313336|
0|313337|
0|313338|
0|313339|
0|313340|
0|313341|
0|313342|
0|313343|
0|313344|
0|313345|
