0|223542|
0|223543|
0|223544|
0|223545|
0|223546|
0|223547|
0|223548|
0|223549|
0|223550|
0|223551|
0|223552|
0|223553|
0|223554|
0|223555|
0|223556|
0|223557|
0|223558|
0|223559|
0|223560|
0|223561|
0|223562|
0|223563|
0|223564|
0|223565|
0|223566|
0|223567|
0|223568|
0|223569|
0|223570|
0|223571|
0|223572|
0|223573|
0|223574|
0|223575|
0|223576|
0|223577|
0|223578|
0|223579|
0|223580|
0|223581|
0|223582|
0|223583|
0|223584|
0|223585|
0|223586|
0|223587|
0|223588|
0|223589|
0|223590|
0|223591|
0|223592|
0|223593|
0|223594|
0|223595|
0|223596|
0|223597|
0|223598|
0|223599|
0|223600|
0|223601|
