0|587951|
0|587952|
0|587953|
0|587954|
0|587955|
0|587956|
0|587957|
0|587958|
0|587959|
0|587960|
0|587961|
0|587962|
0|587963|
0|587964|
0|587965|
0|587966|
0|587967|
0|587968|
0|587969|
0|587970|
0|587971|
0|587972|
0|587973|
0|587974|
0|587975|
0|587976|
0|587977|
0|587978|
0|587979|
0|587980|
0|587981|
0|587982|
0|587983|
0|587984|
0|587985|
0|587986|
0|587987|
0|587988|
0|587989|
0|587990|
0|587991|
0|587992|
0|587993|
0|587994|
0|587995|
0|587996|
0|587997|
0|587998|
0|587999|
0|588000|
0|588001|
0|588002|
0|588003|
0|588004|
0|588005|
0|588006|
0|588007|
0|588008|
0|588009|
0|588010|
0|588011|
0|588012|
0|588013|
0|588014|
0|588015|
0|588016|
0|588017|
0|588018|
0|588019|
0|588020|
0|588021|
