0|642482|
0|642483|
0|642484|
0|642485|
0|642486|
0|642487|
0|642488|
0|642489|
0|642490|
0|642491|
0|642492|
0|642493|
0|642494|
0|642495|
0|642496|
0|642497|
0|642498|
0|642499|
0|642500|
0|642501|
0|642502|
0|642503|
0|642504|
0|642505|
0|642506|
0|642507|
0|642508|
0|642509|
0|642510|
0|642511|
0|642512|
0|642513|
0|642514|
0|642515|
0|642516|
0|642517|
0|642518|
0|642519|
0|642520|
0|642521|
0|642522|
0|642523|
0|642524|
0|642525|
0|642526|
0|642527|
0|642528|
0|642529|
0|642530|
0|642531|
0|642532|
0|642533|
0|642534|
0|642535|
0|642536|
0|642537|
0|642538|
0|642539|
0|642540|
0|642541|
0|642542|
0|642543|
0|642544|
0|642545|
0|642546|
0|642547|
0|642548|
0|642549|
