0|378316|
0|378317|
0|378318|
0|378319|
0|378320|
0|378321|
0|378322|
0|378323|
0|378324|
0|378325|
0|378326|
0|378327|
0|378328|
0|378329|
0|378330|
0|378331|
0|378332|
0|378333|
0|378334|
0|378335|
0|378336|
0|378337|
0|378338|
0|378339|
0|378340|
0|378341|
0|378342|
0|378343|
0|378344|
0|378345|
0|378346|
0|378347|
0|378348|
0|378349|
0|378350|
0|378351|
0|378352|
0|378353|
0|378354|
0|378355|
0|378356|
0|378357|
0|378358|
0|378359|
0|378360|
0|378361|
0|378362|
0|378363|
0|378364|
0|378365|
0|378366|
0|378367|
0|378368|
0|378369|
0|378370|
0|378371|
0|378372|
0|378373|
0|378375|
0|378377|
0|378378|
0|378379|
0|378380|
0|378381|
0|378382|
0|378383|
0|378384|
0|378385|
0|378386|
0|378387|
0|378388|
0|378389|
0|378390|
0|378391|
0|378392|
0|378393|
0|378394|
0|378395|
0|378396|
0|378397|
0|378398|
0|378399|
0|378400|
0|378401|
0|378402|
0|378403|
0|378404|
0|378405|
0|378406|
0|378407|
0|378408|
0|378409|
0|378410|
0|378411|
0|378412|
0|378413|
0|378414|
0|378415|
0|378416|
0|378417|
0|378418|
0|378419|
0|378420|
0|378421|
0|378422|
0|378423|
0|378424|
0|378425|
