0|541653|
0|541654|
0|541655|
0|541656|
0|541657|
0|541658|
0|541659|
0|541660|
0|541661|
0|541662|
0|541663|
0|541664|
0|541665|
0|541666|
0|541667|
0|541668|
0|541669|
0|541670|
0|541671|
0|541672|
0|541673|
0|541674|
0|541675|
0|541676|
0|541677|
0|541678|
0|541679|
0|541680|
0|541681|
0|541682|
0|541683|
0|541684|
0|541685|
0|541686|
0|541687|
0|541688|
0|541689|
0|541690|
0|541691|
0|541692|
0|541693|
0|541694|
0|541695|
0|541696|
0|541697|
0|541698|
0|541699|
0|541700|
0|541701|
0|541702|
0|541703|
0|541704|
0|541705|
0|541706|
0|541707|
0|541708|
0|541709|
0|541710|
0|541711|
0|541712|
0|541713|
0|541714|
0|541715|
0|541716|
0|541717|
0|541718|
0|541719|
0|541720|
0|541721|
0|541722|
0|541723|
0|541724|
0|541725|
0|541726|
0|541727|
0|541728|
0|541729|
0|541730|
0|541731|
0|541732|
0|541733|
0|541734|
