0|405818|
0|405819|
0|405820|
0|405821|
0|405822|
0|405823|
0|405824|
0|405825|
0|405826|
0|405827|
0|405828|
0|405829|
0|405830|
0|405831|
0|405832|
0|405833|
0|405834|
0|405835|
0|405836|
0|405837|
0|405838|
0|405839|
0|405840|
0|405841|
0|405842|
0|405843|
0|405844|
0|405845|
0|405846|
0|405847|
0|405848|
0|405849|
0|405850|
0|405851|
0|405852|
0|405853|
0|405854|
0|405855|
0|405856|
0|405857|
0|405858|
0|405859|
0|405860|
0|405861|
0|405862|
0|405863|
0|405864|
0|405865|
0|405866|
0|405867|
0|405868|
0|405869|
0|405870|
0|405871|
0|405872|
0|405873|
0|405874|
0|405875|
0|405876|
0|405877|
