0|570032|
0|570033|
0|570034|
0|570035|
0|570036|
0|570037|
0|570038|
0|570039|
0|570040|
0|570041|
0|570042|
0|570043|
0|570044|
0|570045|
0|570046|
0|570047|
0|570048|
0|570049|
0|570051|
0|570053|
0|570054|
0|570056|
0|570058|
0|570059|
0|570060|
0|570061|
0|570062|
0|570063|
0|570064|
0|570065|
0|570066|
0|570067|
0|570068|
0|570069|
0|570070|
0|570071|
0|570072|
0|570073|
0|570074|
0|570075|
0|570078|
0|570079|
0|570080|
0|570081|
0|570083|
0|570084|
0|570085|
0|570086|
0|570087|
0|570088|
0|570089|
0|570090|
0|570091|
0|570092|
0|570093|
0|570094|
0|570095|
0|570096|
0|570097|
0|570098|
0|570099|
0|570100|
0|570101|
0|570102|
0|570103|
0|570104|
0|570105|
0|570106|
0|570107|
0|570108|
0|570109|
0|570110|
0|570111|
0|570112|
0|570113|
0|570114|
0|570115|
0|570116|
0|570117|
0|570118|
0|570119|
0|570120|
0|570121|
0|570122|
0|570123|
0|570124|
0|570125|
