0|13108|
0|13109|
0|13110|
0|13111|
0|13112|
0|13113|
0|13114|
0|13115|
0|13116|
0|13117|
0|13118|
0|13119|
0|13120|
0|13121|
0|13122|
0|13123|
0|13124|
0|13125|
0|13126|
0|13127|
0|13128|
0|13129|
0|13130|
0|13131|
0|13132|
0|13133|
0|13134|
0|13135|
0|13136|
0|13137|
0|13138|
0|13139|
0|13140|
0|13141|
0|13142|
0|13143|
0|13144|
0|13145|
0|13146|
0|13147|
0|13148|
0|13149|
0|13150|
0|13151|
0|13152|
0|13153|
0|13154|
0|13155|
0|13156|
0|13157|
0|13158|
0|13159|
0|13160|
0|13161|
0|13162|
0|13163|
0|13164|
0|13165|
0|13166|
0|13167|
0|13168|
0|13169|
0|13170|
0|13171|
0|13172|
0|13173|
0|13174|
0|13175|
0|13176|
0|13177|
0|13178|
0|13179|
0|13180|
0|13181|
0|13182|
0|13183|
0|13184|
0|13185|
0|13186|
0|13187|
0|13188|
0|13189|
0|13190|
0|13191|
0|13192|
0|13193|
