0|724950|
0|724951|
0|724952|
0|724953|
0|724954|
0|724955|
0|724956|
0|724957|
0|724958|
0|724959|
0|724960|
0|724961|
0|724962|
0|724963|
0|724964|
0|724965|
0|724966|
0|724967|
0|724968|
0|724969|
0|724970|
0|724971|
0|724972|
0|724973|
0|724974|
0|724975|
0|724976|
0|724977|
0|724978|
0|724979|
0|724980|
0|724981|
0|724982|
0|724983|
0|724984|
0|724985|
0|724986|
0|724987|
0|724988|
0|724989|
0|724990|
0|724991|
0|724992|
0|724993|
0|724994|
0|724995|
0|724996|
0|724997|
0|724998|
0|724999|
0|725000|
0|725002|
0|725004|
0|725006|
0|725007|
0|725008|
0|725009|
0|725010|
0|725011|
0|725012|
0|725013|
