0|162943|
0|162944|
0|162945|
0|162946|
0|162947|
0|162948|
0|162949|
0|162950|
0|162951|
0|162952|
0|162953|
0|162954|
0|162955|
0|162956|
0|162957|
0|162958|
0|162959|
0|162960|
0|162961|
0|162962|
0|162963|
0|162964|
0|162965|
0|162966|
0|162967|
0|162968|
0|162969|
0|162970|
0|162971|
0|162972|
0|162973|
0|162974|
0|162975|
0|162976|
0|162977|
0|162978|
0|162979|
0|162980|
0|162981|
0|162982|
0|162983|
0|162984|
0|162985|
0|162986|
0|162987|
0|162988|
0|162989|
0|162990|
0|162991|
0|162992|
