0|423026|
0|423027|
0|423028|
0|423029|
0|423030|
0|423031|
0|423032|
0|423033|
0|423034|
0|423035|
0|423036|
0|423037|
0|423038|
0|423039|
0|423040|
0|423041|
0|423042|
0|423043|
0|423044|
0|423045|
0|423046|
0|423047|
0|423048|
0|423049|
0|423050|
0|423051|
0|423052|
0|423053|
0|423054|
0|423055|
0|423056|
0|423057|
0|423058|
0|423060|
0|423061|
0|423062|
0|423063|
0|423064|
0|423065|
0|423066|
0|423067|
0|423068|
0|423069|
0|423070|
0|423071|
0|423072|
0|423073|
0|423074|
0|423075|
0|423076|
0|423077|
