0|554022|
0|554023|
0|554024|
0|554025|
0|554026|
0|554027|
0|554028|
0|554029|
0|554030|
0|554031|
0|554032|
0|554033|
0|554034|
0|554035|
0|554036|
0|554037|
0|554038|
0|554039|
0|554040|
0|554041|
0|554042|
0|554043|
0|554044|
0|554045|
0|554046|
0|554047|
0|554048|
0|554049|
0|554050|
0|554051|
0|554052|
0|554053|
0|554054|
0|554055|
0|554056|
0|554057|
0|554058|
0|554059|
0|554060|
0|554062|
0|554064|
0|554066|
0|554068|
0|554070|
0|554072|
0|554074|
0|554076|
0|554078|
0|554080|
0|554082|
0|554084|
0|554086|
0|554088|
0|554090|
0|554092|
0|554094|
0|554096|
0|554098|
0|554100|
0|554102|
0|554104|
0|554106|
0|554108|
0|554110|
0|554112|
0|554114|
0|554116|
0|554118|
0|554120|
0|554122|
0|554124|
0|554126|
0|554128|
0|554130|
0|554132|
0|554134|
0|554136|
0|554138|
0|554140|
0|554142|
0|554144|
0|554146|
