0|592334|
0|592335|
0|592336|
0|592337|
0|592338|
0|592339|
0|592340|
0|592341|
0|592342|
0|592343|
0|592344|
0|592345|
0|592346|
0|592347|
0|592348|
0|592349|
0|592350|
0|592351|
0|592352|
0|592353|
0|592354|
0|592355|
0|592356|
0|592357|
0|592358|
0|592359|
0|592360|
0|592361|
0|592362|
0|592363|
0|592364|
0|592365|
0|592366|
0|592367|
0|592368|
0|592369|
0|592370|
0|592371|
0|592372|
0|592373|
0|592374|
0|592375|
0|592376|
0|592377|
0|592378|
0|592379|
0|592380|
0|592381|
0|592382|
0|592383|
0|592384|
0|592385|
0|592386|
0|592387|
0|592388|
