0|653169|
0|653170|
0|653171|
0|653172|
0|653173|
0|653174|
0|653175|
0|653176|
0|653177|
0|653178|
0|653179|
0|653180|
0|653181|
0|653182|
0|653183|
0|653184|
0|653185|
0|653186|
0|653187|
0|653188|
0|653189|
0|653190|
0|653191|
0|653192|
0|653193|
0|653194|
0|653195|
0|653196|
0|653197|
0|653198|
0|653199|
0|653200|
0|653201|
0|653202|
0|653203|
0|653204|
0|653205|
0|653206|
0|653207|
0|653208|
0|653209|
0|653210|
0|653211|
0|653212|
0|653213|
0|653214|
0|653215|
0|653216|
0|653217|
0|653218|
0|653219|
0|653220|
0|653221|
0|653222|
0|653223|
0|653224|
0|653225|
0|653226|
0|653227|
0|653228|
0|653229|
0|653230|
0|653231|
0|653232|
0|653233|
0|653234|
0|653235|
0|653236|
0|653237|
0|653238|
0|653239|
0|653240|
0|653241|
0|653242|
0|653243|
0|653244|
0|653245|
0|653246|
0|653247|
0|653248|
0|653249|
0|653250|
0|653251|
0|653252|
0|653253|
0|653254|
0|653255|
0|653256|
0|653257|
0|653258|
