0|583534|
0|583535|
0|583536|
0|583537|
0|583538|
0|583539|
0|583540|
0|583541|
0|583542|
0|583543|
0|583544|
0|583545|
0|583546|
0|583547|
0|583548|
0|583549|
0|583550|
0|583551|
0|583552|
0|583553|
0|583554|
0|583555|
0|583556|
0|583557|
0|583558|
0|583559|
0|583560|
0|583561|
0|583562|
0|583563|
0|583564|
0|583566|
0|583568|
0|583569|
0|583570|
0|583571|
0|583572|
0|583573|
0|583574|
0|583575|
0|583576|
0|583577|
0|583578|
0|583579|
0|583580|
0|583581|
0|583582|
0|583583|
0|583584|
0|583585|
0|583586|
0|583587|
0|583588|
0|583589|
0|583590|
0|583591|
0|583592|
0|583593|
0|583594|
0|583595|
0|583596|
0|583597|
0|583598|
0|583599|
0|583600|
0|583601|
0|583602|
0|583603|
0|583604|
0|583605|
0|583606|
0|583607|
0|583608|
0|583609|
0|583610|
0|583611|
0|583612|
0|583613|
0|583614|
0|583615|
0|583616|
0|583617|
0|583618|
0|583619|
0|583620|
0|583621|
0|583622|
0|583623|
0|583624|
0|583625|
0|583626|
0|583627|
0|583628|
0|583629|
0|583630|
0|583631|
0|583632|
