0|170129|
0|170130|
0|170131|
0|170132|
0|170133|
0|170134|
0|170135|
0|170136|
0|170137|
0|170138|
0|170139|
0|170140|
0|170141|
0|170142|
0|170143|
0|170144|
0|170145|
0|170146|
0|170147|
0|170148|
0|170149|
0|170150|
0|170151|
0|170152|
0|170153|
0|170154|
0|170155|
0|170156|
0|170157|
0|170158|
0|170159|
0|170160|
0|170161|
0|170162|
0|170163|
0|170164|
0|170165|
0|170166|
0|170167|
0|170168|
0|170169|
0|170170|
0|170171|
0|170172|
0|170173|
0|170174|
0|170175|
0|170176|
0|170177|
0|170178|
0|170179|
0|170180|
0|170181|
0|170182|
0|170183|
0|170184|
0|170185|
0|170186|
0|170187|
0|170188|
0|170189|
0|170190|
0|170191|
0|170192|
0|170193|
0|170194|
0|170195|
0|170196|
0|170197|
0|170198|
0|170199|
0|170200|
0|170201|
0|170202|
0|170203|
0|170204|
0|170205|
0|170206|
0|170207|
0|170208|
0|170209|
0|170210|
0|170211|
0|170212|
0|170213|
0|170214|
