0|524048|
0|524049|
0|524050|
0|524051|
0|524052|
0|524053|
0|524054|
0|524055|
0|524056|
0|524057|
0|524058|
0|524059|
0|524060|
0|524061|
0|524062|
0|524063|
0|524064|
0|524065|
0|524066|
0|524067|
0|524068|
0|524069|
0|524070|
0|524071|
0|524072|
0|524073|
0|524074|
0|524075|
0|524076|
0|524077|
0|524078|
0|524079|
0|524080|
0|524081|
0|524082|
0|524083|
0|524084|
0|524085|
0|524086|
0|524087|
0|524088|
0|524089|
0|524090|
0|524091|
0|524092|
0|524093|
0|524094|
0|524095|
0|524096|
0|524097|
0|524098|
0|524099|
0|524100|
0|524101|
0|524102|
0|524103|
0|524104|
0|524105|
0|524106|
0|524107|
0|524108|
0|524109|
0|524110|
0|524111|
0|524112|
0|524113|
0|524114|
0|524115|
0|524116|
0|524117|
0|524118|
0|524119|
0|524120|
0|524121|
0|524122|
0|524123|
0|524124|
0|524125|
