0|531605|
0|531606|
0|531607|
0|531608|
0|531609|
0|531610|
0|531611|
0|531612|
0|531613|
0|531614|
0|531615|
0|531616|
0|531617|
0|531618|
0|531619|
0|531620|
0|531621|
0|531622|
0|531623|
0|531624|
0|531625|
0|531626|
0|531627|
0|531628|
0|531629|
0|531630|
0|531631|
0|531632|
0|531633|
0|531634|
0|531635|
0|531636|
0|531637|
0|531638|
0|531639|
0|531640|
0|531641|
0|531642|
0|531643|
0|531644|
0|531645|
0|531646|
0|531647|
0|531648|
0|531649|
0|531650|
0|531651|
0|531652|
0|531653|
0|531654|
0|531655|
0|531656|
0|531657|
0|531658|
0|531659|
0|531660|
0|531661|
