0|170377|
0|170378|
0|170379|
0|170380|
0|170381|
0|170382|
0|170383|
0|170384|
0|170385|
0|170386|
0|170387|
0|170388|
0|170389|
0|170390|
0|170391|
0|170392|
0|170393|
0|170394|
0|170395|
0|170396|
0|170397|
0|170398|
0|170399|
0|170400|
0|170401|
0|170402|
0|170403|
0|170404|
0|170405|
0|170406|
0|170407|
0|170408|
0|170409|
0|170410|
0|170411|
0|170412|
0|170413|
0|170414|
0|170415|
0|170416|
0|170417|
0|170418|
0|170419|
0|170420|
0|170421|
0|170422|
0|170423|
0|170424|
0|170425|
0|170426|
0|170427|
0|170428|
0|170429|
0|170430|
0|170431|
0|170432|
0|170433|
0|170434|
0|170435|
0|170436|
0|170437|
0|170438|
0|170439|
0|170440|
0|170441|
0|170442|
0|170443|
0|170444|
0|170445|
0|170446|
0|170447|
0|170448|
0|170449|
0|170450|
