0|49534|
0|49535|
0|49536|
0|49537|
0|49538|
0|49539|
0|49540|
0|49541|
0|49542|
0|49543|
0|49544|
0|49545|
0|49546|
0|49547|
0|49548|
0|49549|
0|49550|
0|49551|
0|49552|
0|49553|
0|49554|
0|49555|
0|49556|
0|49557|
0|49558|
0|49559|
0|49560|
0|49561|
0|49562|
0|49563|
0|49564|
0|49565|
0|49566|
0|49567|
0|49568|
0|49569|
0|49570|
0|49571|
0|49572|
0|49573|
0|49574|
0|49575|
0|49576|
0|49577|
0|49578|
0|49579|
0|49580|
0|49581|
0|49582|
0|49583|
0|49584|
0|49585|
0|49586|
0|49587|
0|49588|
0|49589|
0|49590|
0|49591|
0|49592|
0|49593|
0|49594|
0|49595|
0|49596|
0|49597|
0|49598|
0|49599|
0|49600|
0|49601|
0|49602|
0|49603|
0|49604|
0|49605|
0|49606|
0|49607|
0|49608|
0|49609|
0|49610|
0|49611|
0|49612|
0|49613|
0|49614|
0|49615|
0|49616|
0|49617|
0|49618|
0|49620|
0|49621|
0|49622|
