0|195425|
0|195426|
0|195427|
0|195428|
0|195429|
0|195430|
0|195431|
0|195432|
0|195433|
0|195434|
0|195435|
0|195436|
0|195437|
0|195438|
0|195439|
0|195440|
0|195441|
0|195442|
0|195443|
0|195444|
0|195445|
0|195446|
0|195447|
0|195448|
0|195449|
0|195450|
0|195451|
0|195452|
0|195453|
0|195454|
0|195455|
0|195456|
0|195457|
0|195458|
0|195459|
0|195460|
0|195461|
0|195462|
0|195463|
0|195464|
0|195465|
0|195466|
0|195467|
0|195468|
0|195469|
0|195470|
0|195471|
0|195472|
0|195473|
0|195474|
0|195475|
0|195476|
