0|312015|
0|312016|
0|312017|
0|312018|
0|312019|
0|312020|
0|312021|
0|312022|
0|312023|
0|312024|
0|312025|
0|312026|
0|312027|
0|312028|
0|312029|
0|312030|
0|312031|
0|312032|
0|312033|
0|312034|
0|312035|
0|312036|
0|312037|
0|312038|
0|312039|
0|312040|
0|312041|
0|312042|
0|312043|
0|312044|
0|312045|
0|312046|
0|312047|
0|312048|
0|312049|
0|312050|
0|312051|
0|312052|
0|312053|
0|312054|
0|312055|
0|312056|
0|312057|
0|312058|
0|312059|
0|312060|
0|312061|
0|312062|
0|312063|
0|312064|
0|312065|
0|312066|
0|312067|
0|312068|
0|312069|
