0|593525|
0|593526|
0|593527|
0|593528|
0|593529|
0|593530|
0|593531|
0|593532|
0|593533|
0|593534|
0|593535|
0|593536|
0|593537|
0|593538|
0|593539|
0|593540|
0|593541|
0|593542|
0|593543|
0|593544|
0|593545|
0|593546|
0|593547|
0|593548|
0|593549|
0|593550|
0|593551|
0|593552|
0|593553|
0|593554|
0|593555|
0|593556|
0|593557|
0|593558|
0|593559|
0|593560|
0|593561|
0|593562|
0|593563|
0|593564|
0|593565|
0|593566|
0|593567|
0|593568|
0|593569|
0|593570|
0|593571|
0|593572|
0|593573|
0|593574|
0|593575|
0|593576|
0|593577|
0|593578|
0|593579|
0|593580|
