0|472793|
0|472794|
0|472796|
0|472797|
0|472798|
0|472799|
0|472800|
0|472801|
0|472802|
0|472803|
0|472804|
0|472805|
0|472806|
0|472807|
0|472808|
0|472809|
0|472810|
0|472811|
0|472812|
0|472813|
0|472814|
0|472815|
0|472816|
0|472817|
0|472818|
0|472819|
0|472820|
0|472821|
0|472822|
0|472823|
0|472824|
0|472825|
0|472826|
0|472827|
0|472828|
0|472829|
0|472830|
0|472831|
0|472832|
0|472833|
0|472834|
0|472835|
0|472836|
0|472837|
0|472838|
0|472839|
0|472840|
0|472841|
0|472842|
0|472843|
0|472844|
0|472845|
0|472846|
0|472848|
0|472849|
0|472850|
0|472851|
0|472852|
0|472853|
0|472854|
0|472855|
0|472856|
0|472857|
0|472858|
0|472860|
0|472861|
0|472862|
0|472863|
0|472864|
0|472865|
0|472866|
0|472867|
0|472868|
0|472869|
0|472870|
0|472871|
0|472872|
0|472873|
0|472874|
0|472875|
0|472876|
0|472877|
0|472878|
0|472879|
0|472880|
0|472881|
0|472882|
0|472883|
0|472884|
0|472885|
0|472886|
0|472887|
0|472888|
0|472889|
0|472890|
0|472891|
0|472892|
0|472893|
0|472894|
0|472895|
0|472896|
0|472897|
0|472898|
