0|238336|
0|238337|
0|238338|
0|238339|
0|238340|
0|238341|
0|238342|
0|238343|
0|238344|
0|238345|
0|238346|
0|238347|
0|238348|
0|238349|
0|238350|
0|238351|
0|238352|
0|238353|
0|238354|
0|238355|
0|238356|
0|238357|
0|238358|
0|238359|
0|238360|
0|238361|
0|238362|
0|238363|
0|238364|
0|238365|
0|238366|
0|238367|
0|238368|
0|238369|
0|238370|
0|238371|
0|238372|
0|238373|
0|238374|
0|238375|
0|238376|
0|238377|
0|238378|
0|238379|
0|238380|
0|238381|
0|238382|
0|238383|
0|238384|
0|238385|
0|238386|
0|238387|
0|238388|
0|238389|
0|238390|
0|238391|
0|238392|
0|238393|
0|238394|
0|238395|
0|238396|
0|238397|
0|238398|
0|238399|
0|238400|
0|238401|
0|238402|
0|238403|
0|238404|
0|238405|
0|238406|
0|238407|
0|238408|
0|238409|
0|238410|
0|238411|
0|238412|
0|238413|
0|238414|
0|238415|
0|238416|
0|238417|
0|238418|
0|238419|
0|238420|
0|238422|
0|238423|
0|238424|
