0|155845|
0|155846|
0|155847|
0|155848|
0|155849|
0|155850|
0|155851|
0|155852|
0|155853|
0|155854|
0|155855|
0|155856|
0|155857|
0|155858|
0|155859|
0|155860|
0|155861|
0|155862|
0|155863|
0|155864|
0|155865|
0|155866|
0|155867|
0|155868|
0|155869|
0|155870|
0|155871|
0|155872|
0|155874|
0|155876|
0|155878|
0|155880|
0|155882|
0|155884|
0|155886|
0|155888|
0|155890|
0|155892|
0|155894|
0|155896|
0|155898|
0|155899|
0|155900|
0|155901|
0|155902|
0|155903|
0|155904|
0|155905|
0|155906|
0|155907|
0|155908|
0|155909|
0|155910|
0|155911|
0|155912|
0|155913|
0|155914|
0|155915|
0|155916|
0|155917|
0|155918|
0|155919|
0|155920|
0|155921|
0|155922|
0|155923|
0|155924|
0|155925|
0|155926|
0|155927|
0|155928|
0|155929|
0|155930|
0|155931|
0|155932|
0|155933|
0|155934|
0|155935|
0|155936|
