0|685220|
0|685221|
0|685222|
0|685223|
0|685224|
0|685225|
0|685226|
0|685227|
0|685228|
0|685229|
0|685230|
0|685231|
0|685232|
0|685233|
0|685234|
0|685235|
0|685236|
0|685237|
0|685238|
0|685239|
0|685240|
0|685241|
0|685242|
0|685243|
0|685244|
0|685245|
0|685246|
0|685247|
0|685248|
0|685249|
0|685250|
0|685251|
0|685252|
0|685253|
0|685254|
0|685255|
0|685256|
0|685257|
0|685258|
0|685259|
0|685260|
0|685261|
0|685262|
0|685263|
0|685264|
0|685265|
0|685266|
0|685267|
0|685268|
0|685269|
0|685270|
0|685271|
0|685272|
0|685273|
0|685275|
0|685276|
0|685277|
0|685278|
0|685279|
0|685280|
0|685281|
0|685282|
0|685283|
0|685284|
0|685285|
0|685286|
0|685287|
0|685288|
0|685289|
