0|660461|
0|660462|
0|660463|
0|660464|
0|660466|
0|660468|
0|660469|
0|660470|
0|660471|
0|660472|
0|660473|
0|660474|
0|660475|
0|660477|
0|660479|
0|660481|
0|660483|
0|660485|
0|660487|
0|660489|
0|660491|
0|660493|
0|660495|
0|660497|
0|660499|
0|660501|
0|660503|
0|660505|
0|660507|
0|660509|
0|660511|
0|660513|
0|660515|
0|660517|
0|660519|
0|660521|
0|660523|
0|660525|
0|660527|
0|660529|
0|660531|
0|660533|
0|660535|
0|660537|
0|660539|
0|660541|
0|660543|
0|660545|
0|660547|
0|660549|
0|660551|
0|660553|
0|660555|
0|660557|
0|660559|
0|660561|
0|660563|
0|660565|
0|660567|
0|660569|
0|660571|
0|660573|
0|660575|
0|660577|
0|660579|
0|660581|
0|660583|
0|660585|
0|660587|
0|660589|
0|660591|
0|660593|
0|660595|
0|660597|
0|660599|
0|660601|
0|660603|
0|660605|
0|660607|
0|660609|
0|660611|
