0|255937|
0|255938|
0|255939|
0|255940|
0|255941|
0|255942|
0|255943|
0|255944|
0|255945|
0|255946|
0|255947|
0|255948|
0|255949|
0|255950|
0|255951|
0|255952|
0|255953|
0|255954|
0|255955|
0|255956|
0|255957|
0|255958|
0|255959|
0|255960|
0|255961|
0|255962|
0|255963|
0|255964|
0|255965|
0|255966|
0|255967|
0|255968|
0|255969|
0|255970|
0|255971|
0|255972|
0|255973|
0|255974|
0|255975|
0|255976|
0|255977|
0|255978|
0|255979|
0|255980|
0|255981|
0|255982|
0|255983|
0|255984|
0|255985|
0|255986|
