0|629262|
0|629263|
0|629264|
0|629265|
0|629266|
0|629267|
0|629268|
0|629269|
0|629270|
0|629271|
0|629272|
0|629273|
0|629274|
0|629275|
0|629276|
0|629277|
0|629278|
0|629279|
0|629280|
0|629281|
0|629282|
0|629283|
0|629284|
0|629285|
0|629286|
0|629287|
0|629288|
0|629289|
0|629290|
0|629291|
0|629292|
0|629293|
0|629294|
0|629295|
0|629296|
0|629297|
0|629298|
0|629299|
0|629300|
0|629301|
0|629302|
0|629303|
0|629304|
0|629305|
0|629306|
0|629307|
0|629308|
0|629309|
0|629310|
0|629311|
0|629312|
0|629313|
0|629314|
0|629315|
0|629316|
0|629317|
0|629318|
0|629319|
0|629320|
0|629321|
0|629322|
0|629323|
0|629324|
0|629325|
0|629326|
0|629327|
0|629328|
0|629329|
0|629330|
0|629331|
0|629332|
0|629333|
0|629334|
0|629335|
0|629336|
0|629337|
0|629338|
0|629339|
0|629340|
0|629341|
0|629342|
0|629343|
0|629344|
0|629345|
0|629346|
0|629347|
0|629348|
0|629349|
0|629350|
0|629351|
0|629352|
0|629353|
0|629354|
0|629355|
0|629356|
0|629357|
