0|506931|
0|506932|
0|506933|
0|506934|
0|506935|
0|506936|
0|506937|
0|506938|
0|506939|
0|506940|
0|506941|
0|506942|
0|506943|
0|506944|
0|506945|
0|506946|
0|506947|
0|506948|
0|506949|
0|506950|
0|506951|
0|506952|
0|506953|
0|506954|
0|506955|
0|506956|
0|506957|
0|506958|
0|506959|
0|506960|
0|506961|
0|506962|
0|506963|
0|506964|
0|506965|
0|506966|
0|506967|
0|506968|
0|506969|
0|506970|
0|506971|
0|506972|
0|506973|
0|506974|
0|506975|
0|506976|
0|506977|
0|506978|
0|506979|
0|506980|
0|506981|
0|506982|
0|506983|
0|506984|
0|506985|
0|506986|
0|506987|
0|506988|
0|506989|
0|506990|
0|506991|
0|506992|
0|506993|
0|506994|
0|506996|
0|506998|
0|507000|
0|507001|
0|507002|
0|507003|
0|507004|
0|507005|
0|507006|
0|507007|
0|507008|
0|507009|
0|507010|
0|507011|
0|507012|
0|507013|
0|507014|
0|507015|
0|507016|
0|507017|
0|507018|
0|507019|
0|507020|
0|507021|
0|507022|
0|507023|
0|507024|
0|507025|
0|507026|
0|507027|
0|507028|
0|507029|
0|507030|
0|507031|
0|507032|
0|507033|
0|507034|
0|507035|
0|507036|
0|507037|
0|507038|
0|507039|
0|507040|
0|507041|
0|507042|
0|507043|
0|507044|
0|507045|
