0|128645|
0|128646|
0|128647|
0|128648|
0|128649|
0|128650|
0|128651|
0|128652|
0|128653|
0|128654|
0|128655|
0|128656|
0|128657|
0|128658|
0|128659|
0|128660|
0|128661|
0|128662|
0|128663|
0|128665|
0|128666|
0|128667|
0|128668|
0|128669|
0|128670|
0|128671|
0|128672|
0|128673|
0|128674|
0|128675|
0|128676|
0|128677|
0|128678|
0|128679|
0|128680|
0|128681|
0|128682|
0|128683|
0|128684|
0|128685|
0|128686|
0|128687|
0|128688|
0|128689|
0|128690|
0|128691|
0|128692|
0|128693|
0|128694|
0|128695|
0|128696|
0|128697|
0|128698|
0|128699|
0|128700|
0|128701|
