0|52400|
0|52401|
0|52402|
0|52403|
0|52404|
0|52405|
0|52406|
0|52407|
0|52408|
0|52409|
0|52411|
0|52412|
0|52413|
0|52414|
0|52415|
0|52416|
0|52417|
0|52418|
0|52419|
0|52420|
0|52421|
0|52422|
0|52423|
0|52424|
0|52425|
0|52426|
0|52427|
0|52428|
0|52429|
0|52430|
0|52431|
0|52432|
0|52433|
0|52434|
0|52435|
0|52436|
0|52437|
0|52438|
0|52439|
0|52440|
0|52441|
0|52442|
0|52443|
0|52444|
0|52445|
0|52446|
0|52447|
0|52448|
0|52449|
0|52450|
0|52451|
0|52452|
0|52453|
0|52454|
0|52455|
0|52456|
0|52457|
0|52458|
0|52459|
0|52460|
0|52461|
0|52462|
