0|662883|
0|662884|
0|662885|
0|662886|
0|662887|
0|662888|
0|662889|
0|662890|
0|662891|
0|662892|
0|662893|
0|662894|
0|662895|
0|662896|
0|662897|
0|662898|
0|662899|
0|662900|
0|662901|
0|662902|
0|662903|
0|662904|
0|662905|
0|662906|
0|662907|
0|662908|
0|662909|
0|662910|
0|662911|
0|662912|
0|662913|
0|662914|
0|662915|
0|662916|
0|662917|
0|662918|
0|662919|
0|662920|
0|662921|
0|662922|
0|662923|
0|662924|
0|662925|
0|662926|
0|662927|
0|662928|
0|662929|
0|662930|
0|662931|
0|662932|
0|662933|
0|662934|
0|662935|
0|662936|
0|662937|
0|662938|
0|662939|
0|662940|
0|662941|
0|662942|
0|662943|
0|662944|
0|662945|
0|662946|
0|662947|
0|662948|
0|662949|
0|662950|
0|662951|
0|662952|
0|662953|
0|662954|
0|662955|
0|662956|
0|662957|
0|662958|
0|662959|
0|662960|
0|662961|
0|662962|
0|662963|
