0|342105|
0|342106|
0|342107|
0|342108|
0|342109|
0|342110|
0|342111|
0|342112|
0|342113|
0|342114|
0|342115|
0|342116|
0|342117|
0|342118|
0|342119|
0|342120|
0|342121|
0|342122|
0|342123|
0|342124|
0|342125|
0|342126|
0|342127|
0|342128|
0|342129|
0|342130|
0|342131|
0|342132|
0|342133|
0|342134|
0|342135|
0|342136|
0|342137|
0|342138|
0|342139|
0|342140|
0|342141|
0|342142|
0|342143|
0|342144|
0|342145|
0|342146|
0|342147|
0|342148|
0|342149|
0|342150|
0|342151|
0|342152|
0|342153|
0|342154|
0|342155|
0|342156|
0|342157|
0|342158|
