0|573756|
0|573757|
0|573758|
0|573759|
0|573760|
0|573761|
0|573762|
0|573764|
0|573765|
0|573766|
0|573767|
0|573768|
0|573769|
0|573770|
0|573771|
0|573772|
0|573773|
0|573774|
0|573775|
0|573776|
0|573777|
0|573778|
0|573779|
0|573780|
0|573781|
0|573782|
0|573783|
0|573784|
0|573785|
0|573786|
0|573787|
0|573788|
0|573789|
0|573790|
0|573791|
0|573792|
0|573793|
0|573794|
0|573795|
0|573796|
0|573797|
0|573798|
0|573799|
0|573800|
0|573801|
0|573802|
0|573803|
0|573804|
0|573805|
0|573806|
0|573807|
0|573808|
0|573809|
0|573810|
0|573811|
0|573812|
0|573813|
0|573814|
0|573815|
0|573816|
