0|487201|
0|487202|
0|487203|
0|487204|
0|487205|
0|487206|
0|487207|
0|487208|
0|487209|
0|487210|
0|487211|
0|487212|
0|487213|
0|487214|
0|487215|
0|487216|
0|487217|
0|487218|
0|487219|
0|487220|
0|487221|
0|487222|
0|487223|
0|487224|
0|487225|
0|487226|
0|487227|
0|487228|
0|487229|
0|487230|
0|487231|
0|487232|
0|487233|
0|487234|
0|487235|
0|487236|
0|487237|
0|487238|
0|487239|
0|487240|
0|487241|
0|487242|
0|487243|
0|487244|
0|487245|
0|487246|
0|487247|
0|487248|
0|487249|
0|487250|
0|487251|
0|487252|
0|487253|
0|487254|
0|487255|
0|487256|
0|487257|
0|487258|
0|487259|
0|487260|
0|487261|
0|487262|
0|487263|
0|487264|
0|487265|
0|487266|
0|487267|
0|487268|
0|487269|
0|487270|
0|487271|
0|487272|
0|487273|
0|487274|
0|487275|
0|487276|
0|487277|
0|487278|
0|487279|
0|487280|
0|487281|
0|487282|
0|487283|
0|487284|
0|487285|
0|487286|
0|487287|
0|487288|
0|487289|
0|487290|
0|487291|
0|487292|
