0|585418|
0|585419|
0|585420|
0|585421|
0|585422|
0|585423|
0|585424|
0|585425|
0|585426|
0|585427|
0|585428|
0|585429|
0|585430|
0|585431|
0|585432|
0|585433|
0|585434|
0|585435|
0|585436|
0|585437|
0|585438|
0|585439|
0|585440|
0|585441|
0|585442|
0|585443|
0|585444|
0|585445|
0|585446|
0|585447|
0|585448|
0|585450|
0|585452|
0|585454|
0|585456|
0|585458|
0|585460|
0|585462|
0|585464|
0|585466|
0|585468|
0|585470|
0|585472|
0|585474|
0|585476|
0|585478|
0|585480|
0|585482|
0|585484|
0|585486|
0|585488|
0|585490|
0|585491|
0|585492|
0|585493|
0|585494|
0|585495|
0|585496|
0|585497|
0|585498|
0|585499|
0|585500|
0|585501|
0|585502|
0|585503|
0|585504|
0|585505|
0|585506|
0|585507|
0|585508|
0|585509|
0|585510|
0|585511|
0|585512|
0|585513|
0|585514|
0|585515|
0|585516|
0|585517|
0|585518|
0|585519|
0|585520|
0|585521|
0|585522|
0|585523|
0|585524|
0|585525|
0|585526|
0|585527|
0|585528|
0|585529|
0|585530|
0|585531|
0|585532|
0|585533|
0|585534|
0|585535|
0|585536|
0|585537|
0|585538|
0|585539|
0|585540|
0|585541|
0|585542|
0|585543|
0|585544|
0|585545|
0|585546|
0|585547|
0|585548|
0|585549|
