0|658508|
0|658509|
0|658510|
0|658511|
0|658512|
0|658513|
0|658514|
0|658515|
0|658516|
0|658517|
0|658518|
0|658519|
0|658520|
0|658521|
0|658522|
0|658523|
0|658524|
0|658525|
0|658526|
0|658527|
0|658528|
0|658529|
0|658530|
0|658531|
0|658532|
0|658533|
0|658534|
0|658535|
0|658536|
0|658537|
0|658538|
0|658539|
0|658540|
0|658541|
0|658542|
0|658543|
0|658544|
0|658545|
0|658546|
0|658547|
0|658548|
0|658549|
0|658550|
0|658551|
0|658552|
0|658553|
0|658554|
0|658555|
0|658556|
0|658557|
0|658558|
0|658559|
0|658560|
0|658561|
0|658562|
0|658563|
0|658564|
0|658565|
0|658566|
0|658567|
0|658568|
0|658569|
0|658570|
0|658571|
0|658572|
0|658573|
0|658574|
0|658575|
0|658576|
0|658577|
0|658578|
0|658579|
0|658580|
0|658581|
0|658582|
0|658583|
0|658584|
0|658585|
0|658586|
0|658587|
0|658588|
