0|225991|
0|225992|
0|225993|
0|225994|
0|225995|
0|225996|
0|225997|
0|225999|
0|226000|
0|226001|
0|226002|
0|226003|
0|226004|
0|226005|
0|226006|
0|226007|
0|226008|
0|226009|
0|226010|
0|226011|
0|226012|
0|226013|
0|226014|
0|226015|
0|226016|
0|226017|
0|226018|
0|226019|
0|226020|
0|226021|
0|226022|
0|226023|
0|226024|
0|226025|
0|226026|
0|226027|
0|226028|
0|226029|
0|226030|
0|226031|
0|226032|
0|226033|
0|226034|
0|226035|
0|226036|
0|226037|
0|226038|
0|226039|
0|226040|
0|226041|
0|226042|
0|226043|
0|226044|
0|226045|
0|226046|
0|226047|
0|226048|
0|226049|
0|226050|
0|226051|
0|226052|
0|226053|
0|226054|
0|226055|
0|226056|
0|226057|
0|226058|
0|226059|
0|226060|
0|226061|
0|226062|
0|226063|
0|226064|
0|226065|
0|226066|
0|226067|
0|226068|
0|226069|
0|226070|
0|226071|
0|226072|
0|226073|
