0|70632|
0|70633|
0|70634|
0|70635|
0|70636|
0|70637|
0|70638|
0|70639|
0|70640|
0|70641|
0|70642|
0|70643|
0|70644|
0|70645|
0|70646|
0|70647|
0|70648|
0|70649|
0|70650|
0|70651|
0|70652|
0|70653|
0|70654|
0|70655|
0|70656|
0|70657|
0|70658|
0|70659|
0|70660|
0|70661|
0|70662|
0|70663|
0|70664|
0|70665|
0|70666|
0|70667|
0|70668|
0|70669|
0|70670|
0|70671|
0|70672|
0|70673|
0|70674|
0|70675|
0|70676|
0|70677|
0|70678|
0|70679|
0|70680|
0|70681|
0|70682|
0|70683|
0|70684|
0|70685|
0|70686|
0|70687|
0|70688|
0|70689|
0|70690|
0|70691|
0|70692|
