0|640527|
0|640528|
0|640529|
0|640530|
0|640531|
0|640532|
0|640533|
0|640534|
0|640535|
0|640536|
0|640537|
0|640538|
0|640539|
0|640540|
0|640541|
0|640542|
0|640543|
0|640544|
0|640545|
0|640546|
0|640547|
0|640548|
0|640549|
0|640550|
0|640551|
0|640552|
0|640553|
0|640554|
0|640555|
0|640556|
0|640557|
0|640558|
0|640559|
0|640560|
0|640561|
0|640562|
0|640563|
0|640564|
0|640565|
0|640566|
0|640567|
0|640568|
0|640569|
0|640570|
0|640571|
0|640572|
0|640573|
0|640574|
0|640575|
0|640576|
0|640577|
0|640578|
0|640579|
0|640580|
0|640581|
0|640582|
0|640583|
0|640584|
0|640585|
0|640586|
0|640587|
0|640588|
0|640589|
0|640590|
0|640591|
0|640592|
0|640593|
0|640594|
0|640595|
0|640596|
0|640597|
0|640598|
0|640599|
0|640600|
0|640601|
0|640602|
0|640603|
0|640604|
0|640605|
0|640606|
0|640607|
0|640608|
0|640609|
0|640610|
0|640611|
0|640612|
0|640613|
0|640614|
0|640615|
0|640616|
0|640617|
0|640618|
0|640619|
0|640620|
0|640621|
0|640622|
0|640623|
0|640624|
0|640625|
0|640626|
