0|387645|
0|387646|
0|387647|
0|387648|
0|387649|
0|387650|
0|387651|
0|387652|
0|387653|
0|387654|
0|387655|
0|387656|
0|387657|
0|387658|
0|387659|
0|387660|
0|387661|
0|387662|
0|387663|
0|387664|
0|387665|
0|387666|
0|387667|
0|387668|
0|387669|
0|387670|
0|387671|
0|387672|
0|387673|
0|387674|
0|387675|
0|387676|
0|387677|
0|387678|
0|387679|
0|387680|
0|387681|
0|387682|
0|387683|
0|387684|
0|387685|
0|387686|
0|387687|
0|387688|
0|387689|
0|387690|
0|387691|
0|387692|
0|387693|
0|387694|
0|387695|
0|387696|
0|387697|
0|387698|
0|387699|
0|387700|
0|387701|
0|387702|
0|387703|
0|387704|
0|387705|
0|387706|
0|387707|
0|387708|
0|387709|
0|387710|
0|387711|
0|387712|
0|387713|
0|387714|
0|387715|
0|387716|
0|387717|
0|387718|
0|387719|
0|387720|
0|387721|
0|387722|
0|387723|
0|387724|
0|387725|
0|387726|
0|387727|
0|387728|
0|387729|
0|387730|
0|387731|
0|387732|
0|387733|
0|387734|
