0|482595|
0|482596|
0|482597|
0|482598|
0|482599|
0|482600|
0|482601|
0|482602|
0|482603|
0|482604|
0|482605|
0|482606|
0|482607|
0|482608|
0|482609|
0|482610|
0|482611|
0|482612|
0|482613|
0|482614|
0|482615|
0|482616|
0|482617|
0|482618|
0|482619|
0|482620|
0|482621|
0|482622|
0|482623|
0|482624|
0|482625|
0|482626|
0|482627|
0|482628|
0|482629|
0|482630|
0|482631|
0|482632|
0|482633|
0|482634|
0|482635|
0|482636|
0|482637|
0|482638|
0|482639|
0|482640|
0|482641|
0|482642|
0|482643|
0|482644|
0|482645|
0|482646|
0|482647|
0|482648|
0|482649|
0|482650|
0|482651|
0|482652|
0|482653|
0|482654|
0|482655|
0|482656|
0|482657|
0|482658|
0|482659|
0|482660|
0|482661|
0|482662|
0|482663|
0|482664|
0|482665|
0|482666|
0|482667|
0|482668|
0|482669|
0|482670|
0|482671|
0|482672|
0|482673|
0|482674|
0|482675|
0|482676|
0|482677|
0|482678|
0|482679|
0|482680|
0|482681|
0|482682|
0|482683|
0|482684|
0|482685|
0|482686|
0|482687|
0|482688|
0|482689|
0|482690|
0|482691|
0|482692|
0|482693|
0|482694|
0|482695|
0|482696|
0|482697|
