0|227625|
0|227626|
0|227627|
0|227628|
0|227629|
0|227630|
0|227631|
0|227632|
0|227633|
0|227634|
0|227635|
0|227636|
0|227637|
0|227638|
0|227639|
0|227640|
0|227641|
0|227642|
0|227643|
0|227644|
0|227645|
0|227646|
0|227647|
0|227648|
0|227649|
0|227650|
0|227651|
0|227652|
0|227653|
0|227654|
0|227655|
0|227656|
0|227657|
0|227658|
0|227659|
0|227660|
0|227661|
0|227662|
0|227663|
0|227664|
0|227665|
0|227666|
0|227667|
0|227668|
0|227669|
0|227670|
0|227671|
0|227672|
0|227673|
0|227674|
0|227675|
0|227676|
0|227677|
