0|125971|
0|125972|
0|125973|
0|125974|
0|125975|
0|125976|
0|125977|
0|125978|
0|125979|
0|125980|
0|125981|
0|125982|
0|125983|
0|125984|
0|125985|
0|125986|
0|125987|
0|125988|
0|125989|
0|125990|
0|125991|
0|125992|
0|125993|
0|125994|
0|125995|
0|125996|
0|125997|
0|125998|
0|125999|
0|126000|
0|126001|
0|126003|
0|126004|
0|126005|
0|126006|
0|126007|
0|126008|
0|126009|
0|126010|
0|126011|
0|126012|
0|126013|
0|126014|
0|126015|
0|126016|
0|126017|
0|126019|
0|126020|
0|126021|
0|126022|
0|126023|
0|126024|
0|126025|
0|126026|
0|126027|
0|126028|
0|126029|
0|126030|
0|126031|
0|126032|
0|126033|
0|126034|
0|126035|
0|126036|
0|126037|
0|126038|
0|126039|
