0|241602|
0|241603|
0|241604|
0|241605|
0|241606|
0|241607|
0|241608|
0|241609|
0|241610|
0|241611|
0|241612|
0|241613|
0|241614|
0|241615|
0|241616|
0|241617|
0|241618|
0|241619|
0|241620|
0|241621|
0|241622|
0|241623|
0|241624|
0|241625|
0|241626|
0|241627|
0|241628|
0|241629|
0|241630|
0|241631|
0|241632|
0|241633|
0|241634|
0|241635|
0|241636|
0|241637|
0|241638|
0|241639|
0|241640|
0|241641|
0|241642|
0|241643|
0|241644|
0|241645|
0|241646|
0|241647|
0|241648|
0|241649|
0|241650|
0|241651|
0|241652|
