0|350084|
0|350085|
0|350086|
0|350087|
0|350088|
0|350089|
0|350090|
0|350091|
0|350092|
0|350093|
0|350094|
0|350095|
0|350096|
0|350097|
0|350098|
0|350099|
0|350100|
0|350101|
0|350102|
0|350103|
0|350104|
0|350105|
0|350106|
0|350107|
0|350108|
0|350109|
0|350110|
0|350111|
0|350112|
0|350113|
0|350114|
0|350115|
0|350116|
0|350117|
0|350118|
0|350119|
0|350120|
0|350121|
0|350122|
0|350123|
0|350124|
0|350125|
0|350126|
0|350127|
0|350128|
0|350129|
0|350130|
0|350131|
0|350132|
0|350133|
0|350134|
0|350135|
0|350136|
0|350137|
0|350138|
0|350139|
0|350140|
0|350141|
0|350142|
0|350143|
0|350144|
0|350145|
0|350146|
0|350147|
0|350148|
0|350149|
0|350150|
0|350151|
0|350152|
0|350153|
0|350154|
0|350155|
0|350156|
0|350157|
0|350158|
0|350159|
0|350160|
0|350161|
0|350162|
0|350163|
0|350164|
0|350165|
0|350166|
0|350167|
0|350168|
0|350169|
0|350170|
0|350171|
0|350172|
0|350173|
0|350174|
0|350175|
0|350176|
