0|18210|
0|18211|
0|18212|
0|18213|
0|18214|
0|18215|
0|18216|
0|18217|
0|18218|
0|18219|
0|18220|
0|18221|
0|18222|
0|18223|
0|18224|
0|18225|
0|18226|
0|18227|
0|18228|
0|18229|
0|18230|
0|18231|
0|18232|
0|18233|
0|18234|
0|18235|
0|18236|
0|18237|
0|18238|
0|18239|
0|18240|
0|18241|
0|18242|
0|18243|
0|18244|
0|18245|
0|18246|
0|18247|
0|18248|
0|18249|
0|18250|
0|18251|
0|18252|
0|18253|
0|18254|
0|18255|
0|18256|
0|18257|
0|18258|
0|18259|
0|18260|
0|18261|
0|18262|
0|18263|
0|18264|
0|18265|
0|18266|
0|18267|
