0|527606|
0|527607|
0|527608|
0|527609|
0|527610|
0|527611|
0|527612|
0|527613|
0|527614|
0|527615|
0|527616|
0|527617|
0|527618|
0|527619|
0|527620|
0|527621|
0|527622|
0|527623|
0|527624|
0|527625|
0|527626|
0|527627|
0|527628|
0|527629|
0|527630|
0|527631|
0|527632|
0|527633|
0|527634|
0|527635|
0|527636|
0|527637|
0|527638|
0|527639|
0|527640|
0|527641|
0|527642|
0|527643|
0|527644|
0|527645|
0|527646|
0|527647|
0|527648|
0|527649|
0|527650|
0|527651|
0|527652|
0|527653|
0|527654|
0|527655|
0|527656|
0|527657|
0|527658|
0|527659|
0|527660|
0|527661|
0|527662|
0|527663|
0|527664|
0|527665|
0|527666|
0|527667|
0|527668|
