0|660293|
0|660294|
0|660295|
0|660296|
0|660297|
0|660298|
0|660299|
0|660300|
0|660301|
0|660302|
0|660303|
0|660304|
0|660305|
0|660306|
0|660307|
0|660308|
0|660309|
0|660310|
0|660311|
0|660312|
0|660313|
0|660314|
0|660315|
0|660316|
0|660317|
0|660318|
0|660319|
0|660320|
0|660321|
0|660322|
0|660323|
0|660324|
0|660325|
0|660326|
0|660327|
0|660328|
0|660329|
0|660330|
0|660331|
0|660332|
0|660333|
0|660334|
0|660335|
0|660336|
0|660337|
0|660338|
0|660339|
0|660340|
0|660341|
0|660342|
0|660343|
0|660344|
0|660345|
0|660346|
0|660347|
0|660348|
0|660349|
0|660350|
0|660351|
0|660353|
0|660355|
0|660357|
0|660359|
0|660361|
0|660363|
0|660365|
0|660367|
0|660369|
0|660371|
0|660373|
0|660375|
0|660377|
0|660379|
0|660381|
0|660383|
0|660385|
0|660387|
0|660389|
0|660391|
0|660393|
0|660395|
