0|466014|
0|466015|
0|466016|
0|466017|
0|466018|
0|466019|
0|466020|
0|466021|
0|466022|
0|466023|
0|466024|
0|466025|
0|466026|
0|466027|
0|466028|
0|466029|
0|466030|
0|466031|
0|466032|
0|466033|
0|466034|
0|466035|
0|466036|
0|466037|
0|466038|
0|466039|
0|466040|
0|466041|
0|466042|
0|466043|
0|466044|
0|466045|
0|466046|
0|466047|
0|466048|
0|466049|
0|466050|
0|466051|
0|466052|
0|466053|
0|466054|
0|466055|
0|466056|
0|466057|
0|466058|
0|466059|
0|466060|
0|466061|
0|466062|
0|466063|
0|466064|
0|466065|
0|466066|
0|466067|
0|466068|
0|466069|
0|466070|
0|466071|
0|466072|
0|466073|
0|466074|
0|466075|
0|466076|
0|466077|
0|466078|
0|466079|
0|466080|
0|466081|
0|466082|
0|466083|
0|466084|
0|466085|
0|466086|
0|466087|
0|466088|
0|466089|
0|466090|
0|466091|
0|466092|
0|466093|
0|466094|
0|466095|
0|466096|
0|466097|
0|466098|
0|466099|
0|466100|
0|466101|
0|466102|
0|466103|
0|466104|
0|466105|
0|466106|
0|466107|
0|466108|
0|466109|
0|466110|
0|466111|
0|466112|
0|466113|
0|466114|
0|466115|
0|466116|
0|466117|
