0|266772|
0|266773|
0|266774|
0|266775|
0|266776|
0|266777|
0|266778|
0|266779|
0|266780|
0|266781|
0|266782|
0|266783|
0|266784|
0|266785|
0|266786|
0|266787|
0|266788|
0|266789|
0|266790|
0|266791|
0|266792|
0|266793|
0|266794|
0|266795|
0|266796|
0|266797|
0|266798|
0|266800|
0|266802|
0|266804|
0|266806|
0|266808|
0|266810|
0|266812|
0|266814|
0|266816|
0|266818|
0|266820|
0|266822|
0|266824|
0|266826|
0|266828|
0|266830|
0|266832|
0|266834|
0|266836|
0|266838|
0|266840|
0|266842|
0|266844|
0|266846|
0|266848|
0|266850|
0|266852|
0|266854|
0|266856|
0|266858|
0|266861|
0|266863|
0|266865|
0|266867|
0|266869|
0|266871|
