0|663296|
0|663298|
0|663300|
0|663302|
0|663304|
0|663306|
0|663307|
0|663308|
0|663309|
0|663310|
0|663311|
0|663312|
0|663313|
0|663314|
0|663315|
0|663316|
0|663317|
0|663318|
0|663319|
0|663320|
0|663321|
0|663322|
0|663323|
0|663324|
0|663325|
0|663326|
0|663327|
0|663328|
0|663329|
0|663330|
0|663331|
0|663332|
0|663333|
0|663334|
0|663335|
0|663336|
0|663337|
0|663338|
0|663339|
0|663340|
0|663341|
0|663342|
0|663343|
0|663344|
0|663345|
0|663346|
0|663347|
0|663348|
0|663349|
0|663350|
0|663351|
0|663352|
0|663353|
0|663354|
0|663355|
0|663356|
0|663357|
0|663358|
0|663359|
0|663360|
0|663361|
0|663362|
0|663363|
0|663364|
0|663365|
0|663366|
0|663367|
0|663368|
0|663369|
0|663370|
0|663371|
0|663372|
0|663373|
0|663374|
0|663375|
0|663376|
0|663377|
0|663378|
0|663379|
0|663380|
0|663381|
