0|526429|
0|526430|
0|526431|
0|526432|
0|526433|
0|526434|
0|526435|
0|526436|
0|526437|
0|526438|
0|526439|
0|526440|
0|526441|
0|526442|
0|526443|
0|526444|
0|526445|
0|526446|
0|526447|
0|526448|
0|526449|
0|526450|
0|526451|
0|526452|
0|526453|
0|526454|
0|526455|
0|526456|
0|526457|
0|526458|
0|526459|
0|526460|
0|526461|
0|526462|
0|526463|
0|526464|
0|526465|
0|526466|
0|526467|
0|526468|
0|526469|
0|526470|
0|526471|
0|526472|
0|526473|
0|526474|
0|526475|
0|526476|
0|526477|
0|526478|
0|526479|
0|526480|
0|526481|
