0|369080|
0|369081|
0|369082|
0|369083|
0|369084|
0|369085|
0|369086|
0|369087|
0|369088|
0|369089|
0|369090|
0|369091|
0|369092|
0|369093|
0|369094|
0|369095|
0|369096|
0|369097|
0|369098|
0|369099|
0|369100|
0|369101|
0|369102|
0|369103|
0|369104|
0|369105|
0|369106|
0|369107|
0|369108|
0|369109|
0|369110|
0|369112|
0|369114|
0|369116|
0|369118|
0|369120|
0|369122|
0|369124|
0|369126|
0|369128|
0|369129|
0|369130|
0|369131|
0|369132|
0|369133|
0|369134|
0|369135|
0|369136|
0|369137|
0|369138|
0|369139|
0|369140|
0|369141|
0|369142|
0|369143|
0|369144|
0|369145|
0|369146|
0|369147|
0|369148|
0|369149|
0|369150|
0|369151|
0|369152|
0|369153|
0|369154|
0|369155|
0|369156|
0|369158|
0|369161|
0|369163|
0|369165|
0|369167|
0|369169|
0|369171|
0|369173|
0|369175|
0|369177|
0|369179|
0|369181|
0|369183|
0|369185|
0|369187|
0|369189|
0|369191|
0|369193|
0|369195|
0|369197|
