0|730762|
0|730763|
0|730764|
0|730765|
0|730766|
0|730767|
0|730768|
0|730769|
0|730770|
0|730771|
0|730772|
0|730773|
0|730774|
0|730775|
0|730776|
0|730777|
0|730778|
0|730779|
0|730780|
0|730781|
0|730782|
0|730783|
0|730784|
0|730785|
0|730786|
0|730787|
0|730788|
0|730789|
0|730790|
0|730791|
0|730792|
0|730794|
0|730796|
0|730798|
0|730800|
0|730802|
0|730804|
0|730805|
0|730806|
0|730807|
0|730808|
0|730809|
0|730810|
0|730811|
0|730812|
0|730813|
0|730814|
0|730815|
0|730816|
0|730817|
0|730818|
0|730819|
0|730820|
0|730821|
0|730822|
0|730823|
0|730824|
0|730825|
0|730826|
0|730827|
0|730828|
0|730829|
0|730830|
0|730831|
0|730832|
0|730833|
0|730834|
0|730835|
0|730836|
0|730837|
0|730838|
0|730839|
0|730840|
0|730841|
0|730842|
0|730843|
0|730844|
0|730845|
0|730846|
