0|173774|
0|173775|
0|173776|
0|173777|
0|173778|
0|173779|
0|173780|
0|173781|
0|173782|
0|173783|
0|173784|
0|173785|
0|173786|
0|173787|
0|173788|
0|173789|
0|173790|
0|173791|
0|173792|
0|173793|
0|173794|
0|173795|
0|173796|
0|173797|
0|173798|
0|173799|
0|173800|
0|173801|
0|173802|
0|173803|
0|173804|
0|173805|
0|173806|
0|173807|
0|173808|
0|173809|
0|173810|
0|173811|
0|173812|
0|173813|
0|173814|
0|173815|
0|173816|
0|173817|
0|173818|
0|173819|
0|173820|
0|173821|
0|173822|
0|173823|
0|173824|
0|173825|
0|173826|
0|173827|
0|173828|
0|173829|
0|173830|
0|173831|
0|173832|
0|173833|
0|173834|
0|173835|
0|173836|
0|173837|
0|173838|
