0|598968|
0|598970|
0|598972|
0|598974|
0|598976|
0|598978|
0|598980|
0|598982|
0|598984|
0|598986|
0|598988|
0|598990|
0|598992|
0|598994|
0|598996|
0|598998|
0|599000|
0|599002|
0|599003|
0|599004|
0|599005|
0|599006|
0|599007|
0|599008|
0|599009|
0|599010|
0|599011|
0|599012|
0|599013|
0|599014|
0|599015|
0|599016|
0|599017|
0|599018|
0|599019|
0|599020|
0|599021|
0|599022|
0|599023|
0|599024|
0|599025|
0|599026|
0|599027|
0|599028|
0|599029|
0|599030|
0|599031|
0|599032|
0|599033|
0|599034|
0|599035|
0|599036|
0|599037|
0|599038|
0|599039|
0|599040|
0|599041|
0|599042|
0|599043|
0|599044|
0|599045|
0|599046|
0|599047|
0|599048|
0|599049|
0|599050|
0|599051|
0|599052|
0|599053|
0|599054|
0|599055|
0|599056|
0|599057|
0|599058|
0|599059|
0|599060|
0|599061|
0|599062|
0|599063|
0|599064|
0|599065|
