0|77617|
0|77618|
0|77619|
0|77620|
0|77621|
0|77622|
0|77623|
0|77624|
0|77625|
0|77626|
0|77627|
0|77628|
0|77629|
0|77630|
0|77631|
0|77632|
0|77633|
0|77634|
0|77635|
0|77636|
0|77637|
0|77638|
0|77639|
0|77640|
0|77641|
0|77642|
0|77643|
0|77644|
0|77645|
0|77646|
0|77647|
0|77648|
0|77649|
0|77650|
0|77651|
0|77652|
0|77653|
0|77654|
0|77655|
0|77656|
0|77657|
0|77658|
0|77659|
0|77660|
0|77661|
0|77662|
0|77663|
0|77665|
0|77666|
0|77667|
0|77668|
0|77669|
0|77670|
0|77671|
0|77672|
0|77673|
0|77674|
0|77675|
0|77676|
0|77677|
0|77678|
