0|595647|
0|595649|
0|595651|
0|595653|
0|595655|
0|595657|
0|595659|
0|595661|
0|595663|
0|595665|
0|595667|
0|595669|
0|595671|
0|595673|
0|595675|
0|595677|
0|595679|
0|595681|
0|595683|
0|595685|
0|595687|
0|595689|
0|595691|
0|595693|
0|595695|
0|595697|
0|595699|
0|595702|
0|595704|
0|595706|
0|595708|
0|595710|
0|595712|
0|595714|
0|595716|
0|595718|
0|595720|
0|595722|
0|595724|
0|595726|
0|595728|
0|595730|
0|595732|
0|595734|
0|595736|
0|595737|
0|595738|
0|595739|
0|595740|
0|595741|
0|595742|
0|595743|
0|595744|
0|595745|
0|595746|
0|595747|
0|595748|
0|595749|
0|595750|
0|595751|
0|595752|
0|595753|
0|595754|
0|595755|
0|595756|
0|595757|
0|595758|
0|595759|
0|595760|
0|595761|
0|595762|
0|595763|
0|595764|
0|595765|
0|595766|
0|595767|
0|595768|
0|595769|
0|595770|
0|595771|
0|595772|
