0|598652|
0|598653|
0|598654|
0|598655|
0|598656|
0|598657|
0|598658|
0|598659|
0|598660|
0|598661|
0|598662|
0|598663|
0|598664|
0|598665|
0|598666|
0|598667|
0|598668|
0|598669|
0|598670|
0|598671|
0|598672|
0|598673|
0|598674|
0|598675|
0|598676|
0|598677|
0|598678|
0|598679|
0|598680|
0|598681|
0|598682|
0|598683|
0|598684|
0|598685|
0|598686|
0|598687|
0|598688|
0|598689|
0|598690|
0|598691|
0|598692|
0|598693|
0|598694|
0|598695|
0|598696|
0|598697|
0|598698|
0|598699|
0|598700|
0|598701|
0|598702|
0|598703|
0|598704|
0|598705|
0|598706|
0|598707|
0|598708|
0|598709|
0|598710|
0|598711|
0|598712|
0|598713|
0|598714|
0|598715|
0|598716|
0|598717|
0|598718|
0|598719|
0|598720|
0|598721|
0|598722|
0|598723|
0|598724|
0|598725|
0|598726|
0|598727|
0|598728|
0|598729|
0|598730|
0|598731|
0|598732|
