0|413033|
0|413035|
0|413037|
0|413039|
0|413041|
0|413043|
0|413045|
0|413047|
0|413049|
0|413051|
0|413053|
0|413055|
0|413058|
0|413061|
0|413063|
0|413065|
0|413067|
0|413069|
0|413071|
0|413073|
0|413075|
0|413077|
0|413079|
0|413081|
0|413083|
0|413085|
0|413087|
0|413089|
0|413091|
0|413093|
0|413094|
0|413095|
0|413096|
0|413097|
0|413098|
0|413099|
0|413100|
0|413101|
0|413102|
0|413103|
0|413104|
0|413105|
0|413106|
0|413107|
0|413108|
0|413109|
0|413110|
0|413111|
0|413112|
0|413113|
0|413114|
0|413115|
0|413116|
0|413117|
0|413118|
0|413119|
0|413120|
0|413121|
0|413122|
0|413123|
0|413124|
0|413125|
0|413126|
0|413127|
0|413128|
0|413129|
0|413130|
0|413131|
0|413132|
0|413133|
0|413134|
0|413135|
0|413136|
0|413137|
0|413138|
0|413139|
0|413140|
0|413141|
0|413142|
0|413143|
0|413144|
0|413145|
0|413146|
