0|407030|
0|407031|
0|407032|
0|407033|
0|407034|
0|407035|
0|407036|
0|407037|
0|407038|
0|407039|
0|407040|
0|407041|
0|407042|
0|407043|
0|407044|
0|407045|
0|407046|
0|407047|
0|407048|
0|407049|
0|407050|
0|407051|
0|407052|
0|407053|
0|407054|
0|407055|
0|407056|
0|407057|
0|407058|
0|407059|
0|407060|
0|407061|
0|407062|
0|407063|
0|407064|
0|407065|
0|407066|
0|407067|
0|407068|
0|407069|
0|407070|
0|407071|
0|407072|
0|407073|
0|407074|
0|407075|
0|407076|
0|407077|
0|407078|
0|407079|
0|407080|
0|407081|
0|407082|
0|407083|
0|407084|
0|407085|
0|407086|
0|407087|
0|407088|
0|407089|
0|407090|
0|407091|
0|407092|
0|407093|
0|407094|
0|407095|
0|407096|
0|407097|
0|407098|
0|407099|
0|407100|
0|407101|
0|407102|
0|407103|
0|407104|
0|407105|
0|407106|
0|407107|
0|407108|
0|407109|
0|407110|
0|407111|
0|407112|
0|407113|
0|407114|
0|407115|
0|407116|
0|407117|
0|407118|
0|407119|
0|407120|
0|407121|
0|407122|
0|407123|
0|407124|
0|407125|
0|407126|
