0|653355|
0|653356|
0|653357|
0|653358|
0|653359|
0|653360|
0|653361|
0|653362|
0|653363|
0|653364|
0|653365|
0|653366|
0|653367|
0|653368|
0|653369|
0|653370|
0|653371|
0|653372|
0|653373|
0|653374|
0|653375|
0|653376|
0|653377|
0|653378|
0|653379|
0|653380|
0|653381|
0|653382|
0|653383|
0|653384|
0|653385|
0|653386|
0|653387|
0|653388|
0|653389|
0|653390|
0|653391|
0|653392|
0|653393|
0|653394|
0|653395|
0|653396|
0|653397|
0|653398|
0|653399|
0|653400|
0|653401|
0|653402|
0|653403|
0|653404|
0|653405|
0|653406|
0|653407|
0|653408|
0|653409|
0|653410|
0|653411|
0|653412|
0|653413|
0|653414|
0|653415|
0|653416|
0|653417|
0|653418|
0|653419|
0|653420|
0|653421|
0|653422|
0|653423|
0|653424|
0|653425|
0|653426|
0|653427|
0|653428|
0|653429|
0|653431|
0|653432|
0|653433|
