0|190037|
0|190038|
0|190039|
0|190040|
0|190041|
0|190042|
0|190043|
0|190044|
0|190045|
0|190046|
0|190047|
0|190048|
0|190049|
0|190050|
0|190051|
0|190052|
0|190053|
0|190054|
0|190055|
0|190056|
0|190057|
0|190058|
0|190059|
0|190060|
0|190061|
0|190062|
0|190063|
0|190064|
0|190065|
0|190066|
0|190067|
0|190068|
0|190069|
0|190070|
0|190071|
0|190072|
0|190073|
0|190074|
0|190075|
0|190076|
0|190077|
0|190078|
0|190079|
0|190080|
0|190081|
0|190082|
0|190083|
0|190084|
0|190085|
0|190086|
0|190087|
0|190088|
