0|707062|
0|707063|
0|707064|
0|707065|
0|707066|
0|707067|
0|707068|
0|707069|
0|707070|
0|707071|
0|707072|
0|707073|
0|707074|
0|707075|
0|707076|
0|707077|
0|707078|
0|707079|
0|707080|
0|707081|
0|707082|
0|707083|
0|707084|
0|707085|
0|707086|
0|707087|
0|707088|
0|707089|
0|707090|
0|707091|
0|707092|
0|707093|
0|707094|
0|707095|
0|707096|
0|707097|
0|707098|
0|707099|
0|707100|
0|707101|
0|707102|
0|707103|
0|707104|
0|707105|
0|707106|
0|707107|
0|707108|
0|707109|
0|707110|
0|707111|
0|707112|
0|707113|
0|707114|
0|707115|
0|707116|
0|707117|
0|707118|
0|707119|
0|707120|
0|707121|
