0|471516|
0|471517|
0|471518|
0|471519|
0|471520|
0|471521|
0|471522|
0|471523|
0|471524|
0|471525|
0|471526|
0|471527|
0|471528|
0|471529|
0|471530|
0|471531|
0|471532|
0|471533|
0|471534|
0|471535|
0|471536|
0|471537|
0|471538|
0|471539|
0|471540|
0|471541|
0|471542|
0|471543|
0|471544|
0|471545|
0|471546|
0|471547|
0|471548|
0|471549|
0|471550|
0|471551|
0|471552|
0|471553|
0|471554|
0|471555|
0|471556|
0|471557|
0|471558|
0|471559|
0|471560|
0|471561|
0|471562|
0|471563|
0|471564|
0|471565|
0|471566|
0|471567|
0|471568|
0|471569|
0|471570|
0|471571|
0|471572|
0|471573|
0|471574|
0|471575|
0|471576|
0|471577|
0|471578|
0|471579|
0|471580|
0|471581|
0|471582|
0|471583|
0|471584|
0|471585|
0|471586|
0|471587|
0|471588|
0|471589|
0|471590|
0|471591|
0|471592|
0|471593|
0|471594|
0|471595|
0|471596|
0|471597|
0|471598|
0|471599|
0|471600|
0|471601|
0|471602|
0|471603|
0|471604|
0|471605|
0|471606|
0|471607|
0|471608|
0|471609|
0|471610|
0|471611|
0|471612|
0|471613|
0|471614|
0|471615|
0|471616|
0|471617|
0|471618|
0|471619|
0|471620|
0|471621|
0|471622|
0|471623|
0|471624|
0|471625|
0|471626|
0|471627|
