0|625900|
0|625901|
0|625902|
0|625903|
0|625904|
0|625905|
0|625906|
0|625907|
0|625908|
0|625909|
0|625910|
0|625911|
0|625912|
0|625913|
0|625914|
0|625915|
0|625916|
0|625917|
0|625918|
0|625919|
0|625920|
0|625921|
0|625922|
0|625923|
0|625924|
0|625925|
0|625926|
0|625927|
0|625928|
0|625929|
0|625930|
0|625931|
0|625932|
0|625933|
0|625934|
0|625935|
0|625936|
0|625937|
0|625938|
0|625939|
0|625940|
0|625941|
0|625942|
0|625943|
0|625944|
0|625945|
0|625946|
0|625947|
0|625948|
0|625949|
0|625950|
0|625951|
0|625952|
0|625953|
0|625954|
0|625955|
0|625956|
0|625957|
0|625958|
0|625959|
0|625960|
0|625961|
0|625962|
0|625963|
0|625964|
0|625965|
0|625966|
0|625967|
0|625968|
0|625969|
0|625970|
0|625971|
0|625972|
0|625973|
0|625974|
0|625975|
0|625976|
0|625977|
0|625978|
0|625979|
