0|186688|
0|186689|
0|186690|
0|186691|
0|186692|
0|186693|
0|186694|
0|186695|
0|186696|
0|186697|
0|186698|
0|186699|
0|186700|
0|186701|
0|186702|
0|186703|
0|186704|
0|186705|
0|186706|
0|186707|
0|186708|
0|186709|
0|186710|
0|186711|
0|186712|
0|186713|
0|186714|
0|186715|
0|186716|
0|186717|
0|186718|
0|186719|
0|186720|
0|186721|
0|186722|
0|186723|
0|186724|
0|186725|
0|186726|
0|186727|
0|186728|
0|186729|
0|186730|
0|186731|
0|186732|
0|186733|
0|186734|
0|186735|
0|186736|
0|186737|
0|186738|
0|186739|
0|186740|
0|186741|
0|186742|
0|186743|
0|186744|
0|186745|
0|186746|
0|186747|
0|186748|
0|186749|
