0|587435|
0|587436|
0|587437|
0|587438|
0|587439|
0|587440|
0|587441|
0|587442|
0|587443|
0|587444|
0|587445|
0|587446|
0|587447|
0|587448|
0|587449|
0|587450|
0|587451|
0|587452|
0|587453|
0|587454|
0|587455|
0|587456|
0|587457|
0|587458|
0|587459|
0|587460|
0|587461|
0|587462|
0|587463|
0|587464|
0|587465|
0|587466|
0|587467|
0|587468|
0|587469|
0|587470|
0|587471|
0|587472|
0|587473|
0|587474|
0|587475|
0|587476|
0|587477|
0|587478|
0|587479|
0|587480|
0|587481|
0|587482|
0|587483|
0|587484|
0|587485|
0|587486|
0|587487|
0|587488|
0|587489|
0|587490|
0|587491|
0|587492|
0|587493|
0|587494|
