0|722916|
0|722917|
0|722918|
0|722919|
0|722920|
0|722921|
0|722922|
0|722923|
0|722924|
0|722925|
0|722926|
0|722927|
0|722928|
0|722929|
0|722930|
0|722931|
0|722932|
0|722933|
0|722934|
0|722935|
0|722936|
0|722937|
0|722938|
0|722939|
0|722940|
0|722941|
0|722942|
0|722943|
0|722944|
0|722945|
0|722946|
0|722947|
0|722948|
0|722949|
0|722950|
0|722951|
0|722952|
0|722953|
0|722954|
0|722955|
0|722956|
0|722957|
0|722958|
0|722959|
0|722960|
0|722961|
0|722962|
0|722963|
0|722964|
0|722965|
0|722966|
0|722967|
0|722968|
0|722969|
0|722970|
0|722971|
0|722972|
