0|187672|
0|187673|
0|187674|
0|187675|
0|187676|
0|187677|
0|187678|
0|187679|
0|187680|
0|187681|
0|187682|
0|187683|
0|187684|
0|187685|
0|187686|
0|187687|
0|187688|
0|187689|
0|187690|
0|187691|
0|187692|
0|187693|
0|187694|
0|187695|
0|187696|
0|187697|
0|187698|
0|187699|
0|187700|
0|187701|
0|187702|
0|187703|
0|187704|
0|187705|
0|187706|
0|187707|
0|187708|
0|187709|
0|187710|
0|187711|
0|187712|
0|187713|
0|187714|
0|187715|
0|187716|
0|187717|
0|187718|
0|187719|
0|187720|
0|187721|
0|187722|
0|187723|
0|187724|
0|187725|
0|187726|
0|187727|
0|187728|
0|187729|
