0|660723|
0|660724|
0|660725|
0|660726|
0|660727|
0|660728|
0|660729|
0|660730|
0|660731|
0|660732|
0|660733|
0|660734|
0|660735|
0|660736|
0|660743|
0|660744|
0|660745|
0|660746|
0|660747|
0|660748|
0|660749|
0|660750|
0|660751|
0|660752|
0|660753|
0|660754|
0|660755|
0|660756|
0|660757|
0|660758|
0|660759|
0|660760|
0|660761|
0|660762|
0|660763|
0|660764|
0|660765|
0|660766|
0|660767|
0|660768|
0|660769|
0|660770|
0|660771|
0|660772|
0|660773|
0|660774|
0|660775|
0|660776|
0|660777|
0|660778|
0|660779|
0|660780|
0|660781|
0|660782|
0|660789|
0|660790|
0|660791|
0|660792|
0|660793|
0|660794|
0|660795|
0|660796|
0|660797|
0|660798|
0|660799|
0|660800|
0|660801|
0|660802|
0|660803|
0|660804|
0|660805|
0|660806|
0|660807|
0|660808|
0|660809|
0|660810|
0|660811|
0|660812|
0|660813|
0|660814|
0|660815|
