0|472134|
0|472135|
0|472136|
0|472137|
0|472138|
0|472139|
0|472140|
0|472141|
0|472142|
0|472143|
0|472144|
0|472145|
0|472146|
0|472147|
0|472148|
0|472149|
0|472150|
0|472151|
0|472152|
0|472153|
0|472154|
0|472155|
0|472156|
0|472157|
0|472158|
0|472159|
0|472160|
0|472161|
0|472162|
0|472163|
0|472164|
0|472165|
0|472166|
0|472167|
0|472168|
0|472169|
0|472170|
0|472171|
0|472172|
0|472173|
0|472174|
0|472175|
0|472176|
0|472177|
0|472178|
0|472179|
0|472180|
0|472181|
0|472182|
0|472183|
0|472184|
0|472185|
0|472186|
0|472187|
0|472188|
0|472189|
0|472190|
0|472191|
0|472192|
0|472193|
0|472194|
0|472195|
0|472196|
0|472197|
0|472198|
0|472199|
0|472200|
0|472201|
0|472202|
0|472203|
0|472204|
0|472205|
0|472206|
0|472207|
0|472208|
0|472209|
0|472210|
0|472211|
0|472212|
0|472213|
0|472214|
0|472215|
0|472216|
0|472217|
0|472218|
0|472219|
0|472220|
0|472221|
0|472222|
0|472223|
0|472224|
0|472225|
0|472226|
