0|640152|
0|640153|
0|640154|
0|640155|
0|640156|
0|640157|
0|640158|
0|640159|
0|640160|
0|640161|
0|640162|
0|640163|
0|640164|
0|640165|
0|640166|
0|640167|
0|640168|
0|640169|
0|640170|
0|640171|
0|640172|
0|640173|
0|640174|
0|640175|
0|640176|
0|640177|
0|640178|
0|640179|
0|640180|
0|640181|
0|640182|
0|640183|
0|640184|
0|640185|
0|640186|
0|640187|
0|640188|
0|640189|
0|640190|
0|640191|
0|640192|
0|640193|
0|640194|
0|640195|
0|640196|
0|640197|
0|640198|
0|640199|
0|640200|
0|640201|
0|640202|
0|640203|
