0|707958|
0|707959|
0|707960|
0|707961|
0|707962|
0|707963|
0|707964|
0|707965|
0|707966|
0|707967|
0|707968|
0|707969|
0|707970|
0|707971|
0|707972|
0|707973|
0|707974|
0|707975|
0|707976|
0|707977|
0|707978|
0|707979|
0|707980|
0|707981|
0|707982|
0|707983|
0|707984|
0|707985|
0|707986|
0|707987|
0|707988|
0|707989|
0|707990|
0|707991|
0|707992|
0|707993|
0|707994|
0|707995|
0|707996|
0|707997|
0|707998|
0|707999|
0|708000|
0|708001|
0|708002|
0|708003|
0|708004|
0|708005|
0|708006|
0|708007|
0|708008|
0|708009|
