0|70715|
0|70717|
0|70718|
0|70719|
0|70720|
0|70721|
0|70722|
0|70723|
0|70724|
0|70725|
0|70726|
0|70727|
0|70728|
0|70729|
0|70730|
0|70731|
0|70732|
0|70733|
0|70734|
0|70735|
0|70736|
0|70737|
0|70738|
0|70739|
0|70740|
0|70741|
0|70742|
0|70743|
0|70744|
0|70745|
0|70746|
0|70747|
0|70748|
0|70749|
0|70750|
0|70751|
0|70752|
0|70753|
0|70754|
0|70755|
0|70756|
0|70757|
0|70758|
0|70759|
0|70760|
0|70761|
0|70762|
0|70763|
0|70764|
0|70765|
0|70766|
0|70767|
0|70768|
0|70769|
0|70770|
0|70771|
