0|660476|
0|660478|
0|660480|
0|660482|
0|660484|
0|660486|
0|660488|
0|660490|
0|660492|
0|660494|
0|660496|
0|660498|
0|660500|
0|660502|
0|660504|
0|660506|
0|660508|
0|660510|
0|660512|
0|660514|
0|660516|
0|660518|
0|660520|
0|660522|
0|660524|
0|660526|
0|660528|
0|660530|
0|660532|
0|660534|
0|660536|
0|660538|
0|660540|
0|660542|
0|660544|
0|660546|
0|660548|
0|660550|
0|660552|
0|660554|
0|660556|
0|660558|
0|660560|
0|660562|
0|660564|
0|660566|
0|660568|
0|660570|
0|660572|
0|660574|
0|660576|
0|660578|
0|660580|
0|660582|
0|660584|
0|660586|
0|660588|
0|660590|
0|660592|
0|660594|
0|660596|
0|660598|
0|660600|
0|660602|
0|660604|
0|660606|
0|660608|
0|660610|
0|660612|
0|660613|
0|660614|
0|660615|
0|660616|
0|660617|
0|660618|
0|660619|
0|660620|
0|660621|
0|660622|
0|660623|
0|660624|
