0|675594|
0|675595|
0|675596|
0|675597|
0|675598|
0|675599|
0|675600|
0|675601|
0|675602|
0|675603|
0|675604|
0|675605|
0|675606|
0|675607|
0|675608|
0|675609|
0|675610|
0|675611|
0|675612|
0|675613|
0|675614|
0|675615|
0|675616|
0|675617|
0|675618|
0|675619|
0|675620|
0|675621|
0|675622|
0|675623|
0|675624|
0|675625|
0|675626|
0|675627|
0|675628|
0|675629|
0|675630|
0|675631|
0|675632|
0|675633|
0|675634|
0|675635|
0|675636|
0|675637|
0|675638|
0|675639|
0|675640|
0|675641|
0|675642|
0|675643|
0|675644|
0|675645|
0|675646|
0|675647|
0|675648|
