0|227678|
0|227679|
0|227680|
0|227681|
0|227682|
0|227683|
0|227684|
0|227685|
0|227686|
0|227687|
0|227688|
0|227689|
0|227690|
0|227691|
0|227692|
0|227693|
0|227694|
0|227695|
0|227696|
0|227697|
0|227698|
0|227699|
0|227700|
0|227701|
0|227702|
0|227703|
0|227704|
0|227705|
0|227706|
0|227707|
0|227708|
0|227709|
0|227710|
0|227711|
0|227712|
0|227713|
0|227714|
0|227715|
0|227716|
0|227717|
0|227718|
0|227719|
0|227720|
0|227721|
0|227722|
0|227723|
0|227724|
0|227725|
0|227726|
0|227727|
0|227728|
0|227729|
0|227730|
0|227731|
0|227732|
