0|335045|
0|335046|
0|335047|
0|335048|
0|335049|
0|335050|
0|335051|
0|335052|
0|335053|
0|335054|
0|335055|
0|335056|
0|335057|
0|335058|
0|335059|
0|335060|
0|335061|
0|335062|
0|335063|
0|335064|
0|335065|
0|335066|
0|335067|
0|335068|
0|335069|
0|335070|
0|335071|
0|335072|
0|335073|
0|335074|
0|335075|
0|335076|
0|335077|
0|335078|
0|335079|
0|335080|
0|335081|
0|335082|
0|335083|
0|335084|
0|335085|
0|335086|
0|335087|
0|335088|
0|335089|
0|335090|
0|335091|
0|335092|
0|335093|
0|335094|
