0|635092|
0|635093|
0|635094|
0|635095|
0|635096|
0|635097|
0|635098|
0|635099|
0|635100|
0|635101|
0|635102|
0|635103|
0|635104|
0|635105|
0|635106|
0|635107|
0|635108|
0|635109|
0|635110|
0|635111|
0|635112|
0|635113|
0|635114|
0|635115|
0|635116|
0|635117|
0|635118|
0|635119|
0|635120|
0|635121|
0|635122|
0|635123|
0|635124|
0|635125|
0|635126|
0|635127|
0|635128|
0|635129|
0|635130|
0|635131|
0|635132|
0|635133|
0|635134|
0|635135|
0|635136|
0|635137|
0|635138|
0|635139|
0|635140|
0|635141|
0|635142|
0|635143|
0|635144|
0|635145|
0|635146|
0|635147|
0|635148|
0|635149|
0|635150|
0|635151|
0|635152|
0|635153|
0|635154|
0|635155|
0|635156|
0|635157|
0|635158|
0|635159|
0|635160|
0|635161|
0|635162|
0|635163|
0|635164|
0|635165|
0|635166|
0|635167|
0|635168|
0|635169|
0|635170|
0|635171|
