0|83390|
0|83391|
0|83392|
0|83393|
0|83394|
0|83395|
0|83396|
0|83397|
0|83398|
0|83399|
0|83400|
0|83401|
0|83402|
0|83403|
0|83404|
0|83405|
0|83406|
0|83407|
0|83408|
0|83409|
0|83410|
0|83411|
0|83412|
0|83413|
0|83414|
0|83415|
0|83416|
0|83417|
0|83418|
0|83419|
0|83420|
0|83421|
0|83422|
0|83423|
0|83424|
0|83425|
0|83426|
0|83427|
0|83428|
0|83429|
0|83430|
0|83431|
0|83432|
0|83433|
0|83434|
0|83435|
0|83436|
0|83437|
0|83438|
0|83439|
0|83440|
0|83441|
0|83442|
0|83443|
0|83444|
0|83445|
0|83446|
0|83447|
0|83448|
0|83449|
0|83450|
0|83451|
0|83452|
0|83453|
0|83454|
0|83455|
