0|223674|
0|223675|
0|223676|
0|223677|
0|223678|
0|223679|
0|223680|
0|223681|
0|223682|
0|223683|
0|223685|
0|223687|
0|223689|
0|223690|
0|223692|
0|223693|
0|223694|
0|223695|
0|223696|
0|223697|
0|223698|
0|223699|
0|223700|
0|223701|
0|223702|
0|223703|
0|223704|
0|223705|
0|223706|
0|223707|
0|223708|
0|223709|
0|223710|
0|223711|
0|223712|
0|223713|
0|223714|
0|223715|
0|223716|
0|223717|
0|223718|
0|223719|
0|223720|
0|223721|
0|223722|
0|223723|
0|223724|
0|223725|
0|223726|
0|223727|
0|223728|
0|223729|
0|223730|
0|223731|
0|223732|
0|223733|
0|223734|
0|223735|
0|223736|
0|223737|
0|223738|
0|223739|
0|223740|
