0|259340|
0|259341|
0|259342|
0|259343|
0|259344|
0|259345|
0|259346|
0|259347|
0|259348|
0|259349|
0|259350|
0|259351|
0|259352|
0|259353|
0|259354|
0|259355|
0|259356|
0|259357|
0|259358|
0|259359|
0|259360|
0|259361|
0|259362|
0|259363|
0|259364|
0|259365|
0|259366|
0|259367|
0|259368|
0|259369|
0|259370|
0|259371|
0|259372|
0|259373|
0|259374|
0|259375|
0|259376|
0|259377|
0|259378|
0|259379|
0|259380|
0|259381|
0|259382|
0|259383|
0|259384|
0|259385|
0|259386|
0|259387|
0|259388|
0|259389|
0|259390|
0|259391|
0|259392|
0|259393|
0|259394|
0|259395|
0|259396|
0|259397|
0|259398|
0|259399|
0|259400|
0|259401|
0|259402|
0|259403|
0|259404|
0|259405|
0|259406|
0|259407|
0|259408|
0|259409|
0|259410|
0|259411|
