0|352087|
0|352089|
0|352091|
0|352093|
0|352095|
0|352097|
0|352099|
0|352101|
0|352103|
0|352105|
0|352107|
0|352109|
0|352111|
0|352114|
0|352116|
0|352118|
0|352120|
0|352122|
0|352124|
0|352126|
0|352127|
0|352128|
0|352129|
0|352130|
0|352131|
0|352132|
0|352133|
0|352134|
0|352135|
0|352136|
0|352137|
0|352138|
0|352139|
0|352140|
0|352141|
0|352142|
0|352143|
0|352144|
0|352145|
0|352146|
0|352147|
0|352148|
0|352149|
0|352150|
0|352151|
0|352152|
0|352153|
0|352154|
0|352155|
0|352156|
0|352157|
0|352158|
0|352159|
0|352160|
0|352161|
0|352162|
0|352163|
0|352164|
0|352165|
0|352166|
0|352167|
0|352168|
0|352169|
0|352170|
0|352171|
0|352172|
0|352173|
0|352174|
0|352175|
0|352176|
0|352177|
0|352178|
0|352179|
0|352180|
0|352181|
0|352182|
0|352183|
0|352184|
0|352185|
0|352186|
0|352187|
0|352188|
0|352189|
0|352190|
0|352191|
0|352192|
0|352193|
0|352194|
0|352195|
0|352196|
0|352197|
0|352198|
0|352199|
0|352200|
0|352201|
0|352202|
0|352203|
0|352204|
0|352205|
0|352206|
