0|259279|
0|259280|
0|259281|
0|259282|
0|259283|
0|259284|
0|259285|
0|259286|
0|259287|
0|259288|
0|259289|
0|259290|
0|259291|
0|259292|
0|259293|
0|259294|
0|259295|
0|259296|
0|259297|
0|259298|
0|259299|
0|259300|
0|259301|
0|259302|
0|259303|
0|259304|
0|259305|
0|259306|
0|259307|
0|259308|
0|259309|
0|259310|
0|259311|
0|259312|
0|259313|
0|259314|
0|259315|
0|259316|
0|259317|
0|259318|
0|259319|
0|259320|
0|259321|
0|259322|
0|259323|
0|259324|
0|259325|
0|259326|
0|259327|
0|259328|
0|259329|
0|259330|
0|259331|
0|259332|
0|259333|
0|259334|
0|259335|
0|259336|
0|259337|
0|259338|
0|259339|
