0|122355|
0|122356|
0|122357|
0|122358|
0|122359|
0|122360|
0|122361|
0|122362|
0|122363|
0|122364|
0|122365|
0|122366|
0|122367|
0|122368|
0|122369|
0|122370|
0|122371|
0|122372|
0|122373|
0|122374|
0|122375|
0|122376|
0|122377|
0|122378|
0|122379|
0|122380|
0|122381|
0|122382|
0|122383|
0|122384|
0|122385|
0|122386|
0|122387|
0|122388|
0|122389|
0|122390|
0|122391|
0|122392|
0|122393|
0|122394|
0|122395|
0|122396|
0|122397|
0|122398|
0|122399|
0|122400|
0|122401|
0|122402|
0|122403|
0|122404|
0|122405|
0|122406|
0|122407|
0|122408|
0|122409|
0|122410|
0|122411|
0|122412|
0|122413|
0|122414|
0|122415|
