0|16248|
0|16249|
0|16250|
0|16251|
0|16252|
0|16253|
0|16254|
0|16255|
0|16256|
0|16257|
0|16258|
0|16259|
0|16260|
0|16261|
0|16262|
0|16263|
0|16264|
0|16265|
0|16266|
0|16267|
0|16268|
0|16269|
0|16270|
0|16271|
0|16272|
0|16273|
0|16274|
0|16275|
0|16276|
0|16277|
0|16278|
0|16279|
0|16280|
0|16281|
0|16282|
0|16283|
0|16284|
0|16285|
0|16286|
0|16287|
0|16288|
0|16289|
0|16290|
0|16291|
0|16292|
0|16293|
0|16294|
0|16295|
0|16296|
0|16297|
0|16298|
0|16299|
0|16300|
0|16301|
0|16302|
0|16303|
0|16304|
0|16305|
0|16306|
0|16307|
0|16308|
0|16309|
0|16310|
0|16311|
0|16312|
0|16313|
0|16314|
0|16315|
0|16316|
0|16317|
0|16318|
0|16319|
0|16320|
0|16321|
0|16322|
0|16323|
0|16324|
0|16325|
0|16326|
0|16327|
0|16328|
0|16329|
0|16330|
0|16331|
0|16332|
0|16333|
0|16334|
