0|336790|
0|336791|
0|336792|
0|336793|
0|336794|
0|336795|
0|336796|
0|336797|
0|336798|
0|336799|
0|336800|
0|336801|
0|336802|
0|336803|
0|336804|
0|336805|
0|336806|
0|336807|
0|336808|
0|336809|
0|336810|
0|336811|
0|336812|
0|336813|
0|336814|
0|336815|
0|336816|
0|336817|
0|336818|
0|336819|
0|336820|
0|336821|
0|336822|
0|336823|
0|336824|
0|336825|
0|336826|
0|336827|
0|336828|
0|336829|
0|336830|
0|336831|
0|336832|
0|336833|
0|336834|
0|336835|
0|336836|
0|336837|
0|336838|
0|336839|
0|336840|
0|336841|
0|336842|
0|336843|
0|336844|
0|336845|
0|336846|
0|336847|
0|336848|
0|336849|
0|336850|
0|336851|
0|336852|
0|336853|
0|336854|
0|336855|
0|336856|
0|336857|
0|336858|
0|336859|
0|336860|
0|336861|
0|336862|
0|336863|
0|336864|
0|336865|
0|336866|
0|336867|
0|336868|
0|336869|
0|336870|
0|336871|
0|336872|
0|336873|
0|336874|
0|336875|
0|336876|
0|336877|
0|336878|
0|336879|
0|336880|
0|336881|
0|336882|
0|336883|
