0|582474|
0|582475|
0|582476|
0|582477|
0|582478|
0|582479|
0|582480|
0|582481|
0|582482|
0|582483|
0|582484|
0|582485|
0|582486|
0|582487|
0|582488|
0|582489|
0|582490|
0|582491|
0|582492|
0|582493|
0|582494|
0|582495|
0|582496|
0|582497|
0|582498|
0|582499|
0|582500|
0|582501|
0|582502|
0|582503|
0|582504|
0|582505|
0|582506|
0|582507|
0|582508|
0|582509|
0|582510|
0|582511|
0|582512|
0|582513|
0|582514|
0|582515|
0|582516|
0|582517|
0|582518|
0|582519|
0|582520|
0|582521|
0|582522|
0|582523|
0|582524|
0|582525|
0|582526|
0|582527|
0|582528|
0|582529|
0|582530|
0|582531|
0|582532|
0|582533|
0|582534|
0|582535|
0|582536|
0|582537|
0|582538|
0|582539|
0|582540|
0|582541|
0|582542|
0|582543|
0|582544|
0|582545|
0|582546|
