0|189347|
0|189348|
0|189349|
0|189350|
0|189351|
0|189352|
0|189353|
0|189354|
0|189355|
0|189356|
0|189357|
0|189358|
0|189359|
0|189360|
0|189361|
0|189362|
0|189363|
0|189364|
0|189365|
0|189366|
0|189367|
0|189368|
0|189369|
0|189370|
0|189371|
0|189372|
0|189373|
0|189374|
0|189375|
0|189376|
0|189377|
0|189378|
0|189379|
0|189380|
0|189381|
0|189382|
0|189383|
0|189384|
0|189385|
0|189386|
0|189387|
0|189388|
0|189389|
0|189390|
0|189391|
0|189392|
0|189393|
0|189394|
0|189395|
0|189396|
0|189397|
0|189398|
0|189399|
0|189400|
0|189401|
0|189402|
0|189403|
0|189404|
0|189405|
0|189406|
0|189407|
0|189408|
0|189409|
0|189410|
0|189411|
0|189412|
0|189413|
0|189414|
0|189415|
0|189416|
0|189417|
0|189418|
0|189419|
0|189420|
0|189422|
0|189423|
0|189424|
0|189425|
0|189426|
0|189427|
0|189428|
0|189429|
0|189430|
0|189431|
0|189432|
0|189433|
0|189434|
0|189435|
0|189436|
