0|501269|
0|501271|
0|501273|
0|501275|
0|501277|
0|501279|
0|501281|
0|501283|
0|501285|
0|501287|
0|501289|
0|501291|
0|501293|
0|501295|
0|501297|
0|501299|
0|501301|
0|501304|
0|501306|
0|501308|
0|501310|
0|501312|
0|501314|
0|501316|
0|501318|
0|501320|
0|501322|
0|501324|
0|501326|
0|501328|
0|501330|
0|501332|
0|501334|
0|501336|
0|501338|
0|501340|
0|501342|
0|501344|
0|501346|
0|501348|
0|501350|
0|501352|
0|501354|
0|501356|
0|501358|
0|501360|
0|501362|
0|501364|
0|501366|
0|501368|
0|501370|
0|501372|
0|501374|
0|501376|
0|501378|
0|501380|
0|501382|
0|501384|
0|501386|
0|501388|
0|501390|
0|501392|
0|501394|
0|501396|
0|501398|
0|501400|
0|501402|
0|501404|
0|501406|
0|501408|
0|501410|
0|501412|
0|501414|
0|501416|
0|501418|
0|501420|
0|501422|
0|501424|
0|501426|
0|501428|
0|501430|
0|501432|
0|501434|
0|501435|
0|501436|
0|501437|
0|501438|
0|501439|
0|501440|
