0|352270|
0|352271|
0|352272|
0|352273|
0|352274|
0|352275|
0|352276|
0|352277|
0|352278|
0|352279|
0|352280|
0|352281|
0|352282|
0|352283|
0|352284|
0|352285|
0|352286|
0|352287|
0|352288|
0|352289|
0|352290|
0|352291|
0|352292|
0|352293|
0|352294|
0|352295|
0|352296|
0|352297|
0|352298|
0|352299|
0|352300|
0|352301|
0|352302|
0|352303|
0|352304|
0|352305|
0|352306|
0|352307|
0|352308|
0|352310|
0|352312|
0|352313|
0|352314|
0|352315|
0|352316|
0|352317|
0|352318|
0|352319|
0|352320|
0|352321|
0|352322|
0|352323|
0|352324|
0|352325|
