0|422799|
0|422800|
0|422801|
0|422802|
0|422803|
0|422804|
0|422805|
0|422806|
0|422807|
0|422808|
0|422809|
0|422810|
0|422811|
0|422812|
0|422813|
0|422814|
0|422815|
0|422816|
0|422817|
0|422818|
0|422819|
0|422820|
0|422821|
0|422822|
0|422823|
0|422824|
0|422825|
0|422826|
0|422827|
0|422828|
0|422829|
0|422830|
0|422831|
0|422832|
0|422833|
0|422834|
0|422835|
0|422836|
0|422837|
0|422838|
0|422839|
0|422840|
0|422841|
0|422842|
0|422843|
0|422844|
0|422845|
0|422846|
0|422847|
0|422848|
0|422849|
0|422850|
0|422851|
0|422852|
0|422853|
0|422854|
0|422855|
0|422856|
0|422857|
0|422858|
0|422859|
0|422860|
0|422861|
0|422862|
0|422863|
0|422864|
0|422865|
0|422866|
0|422867|
0|422868|
0|422869|
