0|290495|
0|290496|
0|290497|
0|290498|
0|290499|
0|290500|
0|290501|
0|290502|
0|290503|
0|290504|
0|290505|
0|290506|
0|290507|
0|290508|
0|290509|
0|290510|
0|290511|
0|290512|
0|290513|
0|290514|
0|290515|
0|290516|
0|290517|
0|290518|
0|290519|
0|290520|
0|290521|
0|290522|
0|290523|
0|290524|
0|290525|
0|290526|
0|290527|
0|290528|
0|290529|
0|290530|
0|290531|
0|290532|
0|290533|
0|290534|
0|290535|
0|290536|
0|290537|
0|290538|
0|290539|
0|290540|
0|290541|
0|290542|
0|290543|
0|290544|
0|290545|
0|290546|
0|290547|
0|290548|
0|290549|
0|290550|
0|290551|
0|290552|
0|290553|
0|290555|
0|290557|
