0|717667|
0|717668|
0|717669|
0|717670|
0|717671|
0|717672|
0|717673|
0|717674|
0|717675|
0|717676|
0|717677|
0|717678|
0|717679|
0|717680|
0|717681|
0|717682|
0|717683|
0|717684|
0|717686|
0|717687|
0|717688|
0|717689|
0|717690|
0|717691|
0|717692|
0|717693|
0|717695|
0|717697|
0|717698|
0|717699|
0|717700|
0|717701|
0|717702|
0|717703|
0|717704|
0|717705|
0|717706|
0|717707|
0|717708|
0|717709|
0|717710|
0|717711|
0|717712|
0|717713|
0|717714|
0|717715|
0|717716|
0|717717|
0|717718|
0|717719|
0|717720|
0|717721|
0|717722|
0|717723|
0|717724|
0|717725|
0|717726|
0|717727|
0|717728|
0|717729|
0|717730|
0|717731|
0|717732|
0|717733|
0|717734|
0|717735|
0|717736|
0|717737|
0|717738|
0|717739|
0|717740|
0|717741|
0|717742|
0|717743|
