0|249066|
0|249067|
0|249068|
0|249069|
0|249070|
0|249071|
0|249072|
0|249073|
0|249074|
0|249075|
0|249076|
0|249077|
0|249078|
0|249079|
0|249080|
0|249081|
0|249082|
0|249083|
0|249084|
0|249085|
0|249086|
0|249087|
0|249088|
0|249089|
0|249090|
0|249091|
0|249092|
0|249093|
0|249094|
0|249095|
0|249096|
0|249097|
0|249098|
0|249099|
0|249100|
0|249101|
0|249102|
0|249103|
0|249104|
0|249105|
0|249106|
0|249107|
0|249108|
0|249109|
0|249110|
0|249111|
0|249112|
0|249113|
0|249114|
0|249115|
0|249116|
0|249117|
