0|693400|
0|693401|
0|693402|
0|693403|
0|693404|
0|693405|
0|693406|
0|693407|
0|693408|
0|693409|
0|693410|
0|693411|
0|693412|
0|693413|
0|693414|
0|693415|
0|693416|
0|693417|
0|693418|
0|693419|
0|693420|
0|693421|
0|693422|
0|693423|
0|693424|
0|693425|
0|693426|
0|693427|
0|693428|
0|693429|
0|693430|
0|693431|
0|693432|
0|693433|
0|693434|
0|693435|
0|693436|
0|693437|
0|693438|
0|693439|
0|693440|
0|693441|
0|693442|
0|693443|
0|693444|
0|693445|
0|693446|
0|693447|
0|693448|
0|693449|
0|693450|
0|693451|
0|693452|
0|693453|
0|693454|
0|693455|
0|693456|
0|693457|
0|693458|
0|693459|
0|693460|
0|693461|
0|693462|
0|693463|
0|693464|
0|693465|
0|693466|
0|693467|
0|693468|
0|693469|
0|693470|
0|693471|
0|693472|
0|693473|
0|693474|
