0|496194|
0|496195|
0|496196|
0|496197|
0|496198|
0|496199|
0|496200|
0|496201|
0|496202|
0|496203|
0|496204|
0|496205|
0|496206|
0|496207|
0|496208|
0|496209|
0|496210|
0|496211|
0|496212|
0|496213|
0|496214|
0|496215|
0|496216|
0|496217|
0|496218|
0|496219|
0|496220|
0|496221|
0|496222|
0|496223|
0|496224|
0|496225|
0|496226|
0|496227|
0|496228|
0|496229|
0|496230|
0|496231|
0|496232|
0|496233|
0|496234|
0|496235|
0|496236|
0|496237|
0|496238|
0|496239|
0|496240|
0|496241|
0|496242|
0|496243|
0|496244|
0|496245|
0|496246|
0|496247|
0|496248|
0|496249|
0|496250|
0|496251|
0|496252|
0|496253|
0|496254|
0|496255|
0|496256|
0|496257|
0|496258|
0|496259|
0|496260|
0|496261|
0|496262|
0|496263|
0|496264|
0|496265|
0|496266|
0|496267|
0|496268|
0|496270|
0|496272|
0|496274|
0|496276|
0|496278|
0|496280|
0|496282|
0|496284|
0|496286|
0|496288|
0|496290|
0|496292|
0|496294|
0|496296|
0|496298|
0|496300|
0|496302|
0|496304|
0|496306|
0|496308|
0|496310|
0|496312|
0|496314|
0|496316|
0|496318|
0|496320|
0|496322|
0|496324|
0|496326|
0|496328|
0|496330|
0|496332|
0|496334|
0|496336|
0|496338|
