0|704074|
0|704075|
0|704076|
0|704077|
0|704078|
0|704079|
0|704080|
0|704081|
0|704082|
0|704083|
0|704084|
0|704085|
0|704086|
0|704087|
0|704088|
0|704089|
0|704090|
0|704091|
0|704092|
0|704093|
0|704094|
0|704095|
0|704096|
0|704097|
0|704098|
0|704099|
0|704100|
0|704101|
0|704102|
0|704103|
0|704104|
0|704105|
0|704106|
0|704107|
0|704108|
0|704109|
0|704110|
0|704111|
0|704112|
0|704113|
0|704114|
0|704115|
0|704116|
0|704117|
0|704118|
0|704119|
0|704120|
0|704121|
0|704122|
0|704123|
0|704124|
0|704125|
0|704126|
0|704127|
0|704128|
0|704129|
0|704130|
0|704131|
0|704132|
0|704133|
0|704134|
0|704135|
0|704136|
0|704137|
0|704138|
0|704139|
0|704140|
0|704141|
0|704142|
0|704143|
0|704144|
0|704145|
0|704146|
0|704147|
0|704148|
0|704149|
0|704150|
0|704151|
0|704152|
0|704153|
0|704154|
0|704155|
0|704156|
0|704157|
0|704158|
0|704159|
0|704160|
0|704161|
0|704162|
0|704163|
0|704164|
0|704165|
0|704166|
0|704167|
0|704168|
0|704169|
0|704170|
0|704171|
0|704172|
0|704173|
0|704174|
0|704175|
0|704176|
0|704177|
0|704178|
0|704179|
0|704180|
0|704181|
