0|624293|
0|624294|
0|624295|
0|624296|
0|624297|
0|624298|
0|624299|
0|624300|
0|624301|
0|624302|
0|624303|
0|624304|
0|624305|
0|624306|
0|624307|
0|624308|
0|624309|
0|624310|
0|624311|
0|624312|
0|624313|
0|624314|
0|624315|
0|624316|
0|624317|
0|624318|
0|624319|
0|624320|
0|624321|
0|624322|
0|624323|
0|624324|
0|624325|
0|624326|
0|624327|
0|624328|
0|624329|
0|624330|
0|624331|
0|624332|
0|624333|
0|624334|
0|624335|
0|624336|
0|624337|
0|624338|
0|624339|
0|624340|
0|624341|
0|624342|
0|624343|
0|624344|
0|624345|
0|624346|
0|624347|
0|624348|
0|624349|
0|624350|
0|624351|
0|624352|
0|624353|
0|624354|
0|624355|
0|624356|
0|624357|
0|624358|
0|624359|
0|624360|
0|624361|
0|624362|
0|624363|
0|624364|
0|624365|
0|624366|
0|624367|
0|624368|
0|624369|
0|624370|
0|624371|
0|624372|
0|624373|
0|624374|
0|624375|
0|624376|
0|624377|
0|624378|
0|624379|
0|624380|
0|624381|
0|624382|
0|624383|
0|624384|
0|624385|
0|624386|
0|624387|
0|624388|
0|624389|
0|624390|
0|624391|
