0|437379|
0|437380|
0|437381|
0|437382|
0|437383|
0|437384|
0|437385|
0|437386|
0|437387|
0|437388|
0|437389|
0|437390|
0|437391|
0|437392|
0|437393|
0|437394|
0|437395|
0|437396|
0|437397|
0|437398|
0|437399|
0|437400|
0|437401|
0|437402|
0|437403|
0|437404|
0|437405|
0|437406|
0|437407|
0|437408|
0|437409|
0|437410|
0|437411|
0|437412|
0|437413|
0|437414|
0|437415|
0|437416|
0|437417|
0|437418|
0|437419|
0|437420|
0|437421|
0|437422|
0|437423|
0|437424|
0|437425|
0|437426|
0|437427|
0|437428|
0|437429|
0|437430|
