0|174031|
0|174032|
0|174033|
0|174034|
0|174035|
0|174036|
0|174037|
0|174038|
0|174039|
0|174040|
0|174041|
0|174042|
0|174043|
0|174044|
0|174045|
0|174046|
0|174047|
0|174048|
0|174049|
0|174050|
0|174051|
0|174052|
0|174053|
0|174054|
0|174055|
0|174056|
0|174057|
0|174058|
0|174059|
0|174060|
0|174061|
0|174062|
0|174063|
0|174064|
0|174065|
0|174066|
0|174067|
0|174068|
0|174069|
0|174070|
0|174071|
0|174072|
0|174073|
0|174074|
0|174075|
0|174076|
0|174077|
0|174078|
0|174079|
0|174080|
0|174081|
0|174082|
0|174083|
0|174084|
0|174085|
0|174086|
0|174087|
0|174088|
0|174089|
0|174090|
0|174091|
0|174092|
0|174093|
0|174094|
0|174095|
0|174096|
0|174097|
0|174098|
0|174099|
0|174100|
