0|448160|
0|448161|
0|448162|
0|448163|
0|448164|
0|448165|
0|448166|
0|448167|
0|448168|
0|448169|
0|448170|
0|448171|
0|448172|
0|448173|
0|448174|
0|448175|
0|448176|
0|448177|
0|448178|
0|448179|
0|448180|
0|448181|
0|448182|
0|448183|
0|448184|
0|448185|
0|448186|
0|448187|
0|448188|
0|448189|
0|448190|
0|448191|
0|448192|
0|448193|
0|448194|
0|448195|
0|448196|
0|448197|
0|448198|
0|448199|
0|448200|
0|448201|
0|448202|
0|448203|
0|448204|
0|448205|
0|448206|
0|448207|
0|448208|
0|448209|
0|448210|
0|448211|
0|448212|
0|448213|
0|448214|
0|448215|
0|448216|
0|448217|
0|448218|
0|448219|
0|448220|
0|448221|
0|448222|
0|448223|
