0|232084|
0|232085|
0|232086|
0|232087|
0|232088|
0|232089|
0|232090|
0|232091|
0|232092|
0|232093|
0|232094|
0|232095|
0|232096|
0|232097|
0|232098|
0|232099|
0|232100|
0|232101|
0|232102|
0|232103|
0|232104|
0|232105|
0|232106|
0|232107|
0|232108|
0|232109|
0|232110|
0|232111|
0|232112|
0|232113|
0|232114|
0|232115|
0|232116|
0|232117|
0|232118|
0|232119|
0|232120|
0|232121|
0|232122|
0|232123|
0|232124|
0|232125|
0|232126|
0|232127|
0|232128|
0|232129|
0|232130|
0|232131|
0|232132|
0|232133|
0|232134|
