0|326871|
0|326872|
0|326873|
0|326874|
0|326875|
0|326876|
0|326877|
0|326878|
0|326879|
0|326880|
0|326881|
0|326882|
0|326883|
0|326884|
0|326885|
0|326886|
0|326887|
0|326888|
0|326889|
0|326890|
0|326891|
0|326892|
0|326893|
0|326894|
0|326895|
0|326896|
0|326897|
0|326898|
0|326899|
0|326900|
0|326901|
0|326902|
0|326903|
0|326904|
0|326905|
0|326906|
0|326907|
0|326908|
0|326909|
0|326910|
0|326911|
0|326912|
0|326913|
0|326914|
0|326915|
0|326916|
0|326917|
0|326918|
0|326919|
0|326920|
0|326921|
0|326922|
0|326923|
0|326924|
0|326925|
0|326926|
0|326927|
0|326928|
0|326929|
0|326930|
0|326931|
