0|171426|
0|171427|
0|171428|
0|171429|
0|171430|
0|171431|
0|171432|
0|171433|
0|171434|
0|171435|
0|171436|
0|171437|
0|171438|
0|171439|
0|171440|
0|171441|
0|171442|
0|171443|
0|171444|
0|171445|
0|171446|
0|171447|
0|171448|
0|171449|
0|171450|
0|171451|
0|171452|
0|171453|
0|171454|
0|171455|
0|171456|
0|171457|
0|171458|
0|171459|
0|171460|
0|171461|
0|171462|
0|171463|
0|171464|
0|171465|
0|171466|
0|171467|
0|171468|
0|171469|
0|171470|
0|171471|
0|171472|
0|171473|
0|171474|
0|171475|
0|171476|
0|171477|
0|171478|
0|171479|
0|171480|
0|171481|
0|171482|
0|171483|
0|171484|
0|171485|
0|171486|
0|171487|
0|171488|
0|171489|
0|171490|
0|171491|
0|171492|
0|171493|
0|171494|
0|171495|
0|171496|
0|171497|
0|171498|
0|171499|
0|171500|
0|171501|
0|171502|
0|171503|
0|171504|
0|171505|
0|171506|
0|171507|
0|171508|
0|171509|
0|171510|
0|171511|
0|171512|
0|171513|
0|171514|
0|171515|
0|171516|
0|171517|
0|171518|
0|171519|
