0|215276|
0|215277|
0|215278|
0|215279|
0|215280|
0|215281|
0|215282|
0|215283|
0|215284|
0|215285|
0|215286|
0|215287|
0|215288|
0|215289|
0|215290|
0|215291|
0|215292|
0|215293|
0|215294|
0|215295|
0|215296|
0|215297|
0|215298|
0|215299|
0|215300|
0|215301|
0|215302|
0|215303|
0|215304|
0|215305|
0|215306|
0|215307|
0|215308|
0|215309|
0|215310|
0|215311|
0|215312|
0|215313|
0|215315|
0|215317|
0|215319|
0|215321|
0|215323|
0|215324|
0|215325|
0|215326|
0|215327|
0|215328|
0|215329|
0|215330|
0|215331|
0|215332|
0|215333|
0|215334|
0|215335|
0|215336|
0|215337|
0|215338|
0|215339|
0|215340|
0|215341|
