0|247674|
0|247675|
0|247676|
0|247677|
0|247678|
0|247679|
0|247680|
0|247681|
0|247682|
0|247683|
0|247684|
0|247685|
0|247686|
0|247687|
0|247688|
0|247689|
0|247690|
0|247691|
0|247692|
0|247693|
0|247694|
0|247695|
0|247696|
0|247697|
0|247698|
0|247699|
0|247700|
0|247701|
0|247702|
0|247703|
0|247704|
0|247705|
0|247706|
0|247707|
0|247708|
0|247709|
0|247710|
0|247711|
0|247712|
0|247713|
0|247714|
0|247715|
0|247716|
0|247717|
0|247718|
0|247719|
0|247720|
0|247721|
0|247722|
0|247723|
0|247724|
0|247725|
