0|533949|
0|533950|
0|533951|
0|533952|
0|533953|
0|533954|
0|533955|
0|533956|
0|533957|
0|533958|
0|533959|
0|533960|
0|533961|
0|533962|
0|533963|
0|533964|
0|533965|
0|533966|
0|533967|
0|533968|
0|533969|
0|533970|
0|533971|
0|533972|
0|533973|
0|533974|
0|533975|
0|533976|
0|533977|
0|533978|
0|533979|
0|533980|
0|533981|
0|533982|
0|533983|
0|533984|
0|533985|
0|533986|
0|533987|
0|533988|
0|533989|
0|533990|
0|533991|
0|533992|
0|533993|
0|533994|
0|533995|
0|533996|
0|533997|
0|533998|
0|533999|
0|534000|
0|534001|
0|534002|
0|534003|
0|534004|
