0|738876|
0|738877|
0|738878|
0|738879|
0|738880|
0|738881|
0|738882|
0|738883|
0|738884|
0|738885|
0|738886|
0|738887|
0|738888|
0|738889|
0|738890|
0|738891|
0|738892|
0|738893|
0|738894|
0|738895|
0|738896|
0|738897|
0|738898|
0|738899|
0|738900|
0|738901|
0|738902|
0|738903|
0|738904|
0|738905|
0|738906|
0|738907|
0|738908|
0|738909|
0|738910|
0|738911|
0|738912|
0|738913|
0|738914|
0|738915|
0|738916|
0|738917|
0|738918|
0|738919|
0|738920|
0|738921|
0|738922|
0|738923|
0|738924|
0|738925|
0|738926|
0|738927|
0|738928|
0|738929|
0|738930|
0|738931|
