0|728348|
0|728349|
0|728350|
0|728351|
0|728352|
0|728353|
0|728354|
0|728355|
0|728356|
0|728357|
0|728358|
0|728359|
0|728360|
0|728361|
0|728362|
0|728363|
0|728364|
0|728365|
0|728366|
0|728367|
0|728368|
0|728369|
0|728370|
0|728371|
0|728372|
0|728373|
0|728374|
0|728375|
0|728376|
0|728377|
0|728378|
0|728379|
0|728380|
0|728381|
0|728382|
0|728383|
0|728384|
0|728385|
0|728386|
0|728387|
0|728388|
0|728389|
0|728390|
0|728391|
0|728392|
0|728393|
0|728394|
0|728396|
0|728398|
0|728400|
0|728402|
0|728404|
0|728407|
0|728410|
0|728413|
0|728416|
0|728419|
0|728423|
0|728426|
0|728429|
0|728432|
0|728435|
0|728438|
0|728442|
0|728446|
0|728449|
0|728451|
0|728453|
0|728455|
0|728457|
0|728459|
0|728461|
0|728463|
0|728465|
0|728467|
0|728469|
0|728471|
0|728473|
0|728475|
0|728477|
0|728479|
0|728481|
0|728482|
0|728483|
0|728484|
0|728486|
0|728487|
0|728488|
0|728489|
0|728490|
0|728491|
0|728492|
0|728493|
0|728494|
0|728495|
0|728496|
0|728497|
0|728498|
0|728499|
0|728500|
0|728501|
0|728502|
0|728503|
0|728504|
0|728505|
0|728506|
0|728507|
0|728508|
0|728509|
0|728510|
0|728511|
0|728512|
0|728513|
