0|387364|
0|387365|
0|387366|
0|387367|
0|387368|
0|387369|
0|387370|
0|387371|
0|387372|
0|387373|
0|387374|
0|387375|
0|387376|
0|387377|
0|387378|
0|387379|
0|387380|
0|387381|
0|387382|
0|387383|
0|387384|
0|387385|
0|387386|
0|387387|
0|387388|
0|387389|
0|387390|
0|387391|
0|387392|
0|387393|
0|387394|
0|387395|
0|387396|
0|387397|
0|387398|
0|387399|
0|387400|
0|387401|
0|387402|
0|387403|
0|387404|
0|387405|
0|387406|
0|387407|
0|387408|
0|387409|
0|387410|
0|387411|
0|387412|
0|387413|
0|387414|
0|387415|
0|387416|
0|387417|
0|387418|
0|387419|
0|387420|
0|387421|
0|387422|
0|387423|
0|387424|
0|387425|
