0|108892|
0|108893|
0|108894|
0|108895|
0|108896|
0|108897|
0|108898|
0|108899|
0|108900|
0|108901|
0|108902|
0|108903|
0|108904|
0|108905|
0|108906|
0|108907|
0|108908|
0|108909|
0|108910|
0|108911|
0|108912|
0|108913|
0|108914|
0|108915|
0|108916|
0|108917|
0|108918|
0|108919|
0|108920|
0|108921|
0|108922|
0|108923|
0|108924|
0|108925|
0|108926|
0|108927|
0|108928|
0|108929|
0|108930|
0|108931|
0|108932|
0|108933|
0|108934|
0|108935|
0|108936|
0|108937|
0|108938|
0|108939|
0|108940|
0|108941|
0|108942|
0|108943|
0|108944|
0|108945|
0|108946|
0|108947|
0|108948|
0|108949|
0|108950|
0|108951|
0|108952|
0|108953|
0|108954|
0|108955|
