0|454160|
0|454161|
0|454162|
0|454163|
0|454164|
0|454165|
0|454166|
0|454167|
0|454168|
0|454169|
0|454170|
0|454171|
0|454172|
0|454173|
0|454174|
0|454175|
0|454176|
0|454177|
0|454178|
0|454179|
0|454180|
0|454181|
0|454182|
0|454183|
0|454184|
0|454185|
0|454186|
0|454187|
0|454188|
0|454189|
0|454190|
0|454191|
0|454192|
0|454193|
0|454194|
0|454195|
0|454196|
0|454197|
0|454198|
0|454199|
0|454200|
0|454201|
0|454202|
0|454203|
0|454204|
0|454205|
0|454206|
0|454207|
0|454209|
0|454210|
0|454211|
0|454212|
0|454213|
0|454214|
0|454215|
0|454216|
0|454217|
0|454218|
0|454219|
0|454220|
0|454221|
0|454222|
0|454223|
0|454224|
0|454225|
0|454226|
0|454227|
