0|718960|
0|718961|
0|718962|
0|718963|
0|718964|
0|718965|
0|718966|
0|718967|
0|718968|
0|718969|
0|718970|
0|718971|
0|718972|
0|718973|
0|718974|
0|718975|
0|718976|
0|718977|
0|718979|
0|718981|
0|718983|
0|718985|
0|718987|
0|718989|
0|718991|
0|718993|
0|718995|
0|718996|
0|718997|
0|718998|
0|718999|
0|719000|
0|719001|
0|719002|
0|719003|
0|719004|
0|719005|
0|719006|
0|719008|
0|719010|
0|719011|
0|719012|
0|719013|
0|719014|
0|719015|
0|719016|
0|719017|
0|719018|
0|719019|
0|719020|
0|719021|
0|719022|
0|719023|
0|719024|
0|719025|
0|719026|
0|719027|
0|719028|
0|719029|
0|719030|
0|719031|
0|719032|
0|719033|
0|719034|
0|719035|
0|719036|
0|719037|
0|719038|
0|719039|
0|719040|
0|719041|
0|719042|
0|719043|
0|719044|
0|719045|
0|719046|
0|719047|
0|719048|
0|719049|
0|719050|
0|719051|
0|719052|
0|719053|
0|719054|
0|719055|
0|719056|
0|719057|
0|719058|
0|719059|
0|719060|
0|719061|
0|719062|
0|719063|
0|719064|
0|719065|
0|719066|
0|719067|
0|719068|
0|719069|
0|719070|
0|719071|
0|719072|
0|719073|
0|719074|
0|719075|
0|719076|
0|719077|
0|719078|
0|719079|
0|719080|
0|719081|
0|719082|
0|719083|
0|719084|
