0|661345|
0|661346|
0|661347|
0|661348|
0|661349|
0|661350|
0|661351|
0|661352|
0|661353|
0|661354|
0|661355|
0|661356|
0|661357|
0|661358|
0|661359|
0|661360|
0|661361|
0|661362|
0|661363|
0|661364|
0|661365|
0|661366|
0|661367|
0|661368|
0|661369|
0|661370|
0|661371|
0|661372|
0|661373|
0|661374|
0|661375|
0|661376|
0|661377|
0|661378|
0|661379|
0|661380|
0|661381|
0|661382|
0|661383|
0|661384|
0|661385|
0|661386|
0|661387|
0|661388|
0|661389|
0|661390|
0|661391|
0|661392|
0|661393|
0|661394|
0|661395|
0|661396|
0|661397|
0|661398|
0|661399|
0|661400|
0|661401|
0|661402|
0|661403|
0|661404|
0|661405|
0|661406|
0|661407|
0|661408|
0|661409|
0|661410|
0|661411|
0|661412|
0|661413|
0|661414|
0|661415|
0|661416|
0|661417|
0|661418|
0|661419|
0|661420|
0|661421|
0|661422|
0|661423|
0|661424|
0|661425|
