0|619767|
0|619768|
0|619769|
0|619770|
0|619771|
0|619772|
0|619773|
0|619774|
0|619775|
0|619776|
0|619777|
0|619778|
0|619779|
0|619780|
0|619781|
0|619782|
0|619783|
0|619784|
0|619785|
0|619786|
0|619787|
0|619788|
0|619789|
0|619790|
0|619791|
0|619792|
0|619793|
0|619794|
0|619795|
0|619796|
0|619797|
0|619798|
0|619799|
0|619800|
0|619801|
0|619802|
0|619803|
0|619804|
0|619805|
0|619806|
0|619807|
0|619808|
0|619809|
0|619810|
0|619811|
0|619812|
0|619813|
0|619814|
0|619815|
0|619816|
0|619817|
0|619818|
0|619819|
0|619820|
0|619821|
0|619822|
0|619823|
0|619824|
0|619825|
0|619826|
0|619827|
0|619828|
0|619829|
0|619830|
0|619831|
0|619832|
0|619833|
0|619834|
0|619836|
0|619838|
0|619840|
0|619842|
0|619844|
0|619846|
0|619848|
0|619850|
0|619852|
0|619854|
0|619856|
0|619858|
0|619860|
