0|297058|
0|297059|
0|297060|
0|297061|
0|297062|
0|297063|
0|297064|
0|297065|
0|297066|
0|297067|
0|297068|
0|297069|
0|297070|
0|297071|
0|297072|
0|297073|
0|297074|
0|297075|
0|297076|
0|297077|
0|297078|
0|297079|
0|297080|
0|297081|
0|297082|
0|297083|
0|297084|
0|297085|
0|297086|
0|297087|
0|297088|
0|297089|
0|297090|
0|297091|
0|297092|
0|297093|
0|297094|
0|297095|
0|297096|
0|297097|
0|297098|
0|297099|
0|297100|
0|297101|
0|297102|
0|297103|
0|297104|
0|297105|
0|297106|
0|297107|
0|297108|
0|297109|
0|297110|
0|297111|
0|297112|
0|297113|
0|297114|
0|297115|
0|297116|
0|297117|
0|297118|
0|297119|
0|297120|
0|297121|
0|297122|
0|297123|
0|297124|
0|297125|
0|297126|
0|297127|
