0|364331|
0|364332|
0|364333|
0|364334|
0|364335|
0|364336|
0|364337|
0|364338|
0|364339|
0|364340|
0|364341|
0|364342|
0|364343|
0|364344|
0|364345|
0|364346|
0|364347|
0|364348|
0|364349|
0|364350|
0|364351|
0|364352|
0|364353|
0|364354|
0|364355|
0|364356|
0|364357|
0|364358|
0|364359|
0|364360|
0|364361|
0|364362|
0|364363|
0|364364|
0|364365|
0|364366|
0|364367|
0|364368|
0|364369|
0|364370|
0|364371|
0|364372|
0|364373|
0|364374|
0|364375|
0|364376|
0|364377|
0|364378|
0|364379|
0|364380|
0|364381|
0|364382|
0|364383|
0|364384|
0|364385|
0|364386|
0|364387|
0|364388|
0|364389|
0|364390|
0|364391|
0|364392|
0|364393|
0|364394|
0|364395|
0|364396|
0|364397|
0|364398|
0|364399|
0|364400|
