0|25834|
0|25835|
0|25836|
0|25837|
0|25838|
0|25839|
0|25840|
0|25841|
0|25842|
0|25843|
0|25844|
0|25845|
0|25846|
0|25847|
0|25848|
0|25849|
0|25850|
0|25851|
0|25852|
0|25853|
0|25854|
0|25855|
0|25856|
0|25857|
0|25858|
0|25859|
0|25860|
0|25861|
0|25862|
0|25863|
0|25864|
0|25865|
0|25866|
0|25867|
0|25868|
0|25869|
0|25870|
0|25871|
0|25872|
0|25873|
0|25874|
0|25875|
0|25876|
0|25877|
0|25878|
0|25879|
0|25880|
0|25881|
0|25882|
0|25883|
0|25884|
0|25885|
0|25886|
0|25887|
0|25888|
0|25889|
0|25890|
0|25891|
0|25892|
0|25893|
0|25894|
0|25895|
0|25896|
0|25897|
0|25898|
0|25899|
0|25900|
0|25901|
0|25902|
