0|158242|
0|158243|
0|158245|
0|158247|
0|158248|
0|158249|
0|158250|
0|158251|
0|158252|
0|158253|
0|158254|
0|158255|
0|158256|
0|158257|
0|158258|
0|158259|
0|158260|
0|158261|
0|158262|
0|158263|
0|158264|
0|158265|
0|158266|
0|158267|
0|158268|
0|158269|
0|158270|
0|158271|
0|158272|
0|158273|
0|158274|
0|158275|
0|158276|
0|158277|
0|158278|
0|158279|
0|158280|
0|158281|
0|158282|
0|158283|
0|158284|
0|158285|
0|158286|
0|158287|
0|158288|
0|158289|
0|158290|
0|158291|
0|158292|
0|158293|
0|158294|
0|158295|
0|158296|
0|158297|
0|158298|
0|158299|
0|158300|
0|158301|
0|158302|
0|158303|
0|158304|
0|158305|
0|158306|
