0|419130|
0|419131|
0|419132|
0|419133|
0|419134|
0|419135|
0|419136|
0|419137|
0|419138|
0|419139|
0|419140|
0|419141|
0|419142|
0|419143|
0|419144|
0|419145|
0|419146|
0|419147|
0|419148|
0|419149|
0|419150|
0|419151|
0|419152|
0|419153|
0|419154|
0|419155|
0|419156|
0|419157|
0|419158|
0|419159|
0|419160|
0|419161|
0|419162|
0|419163|
0|419164|
0|419165|
0|419166|
0|419167|
0|419168|
0|419169|
0|419170|
0|419171|
0|419172|
0|419173|
0|419174|
0|419175|
0|419176|
0|419177|
0|419178|
0|419179|
0|419180|
0|419181|
0|419182|
0|419183|
0|419184|
