0|185472|
0|185473|
0|185474|
0|185475|
0|185476|
0|185477|
0|185478|
0|185479|
0|185480|
0|185481|
0|185482|
0|185483|
0|185484|
0|185485|
0|185486|
0|185487|
0|185488|
0|185489|
0|185490|
0|185491|
0|185492|
0|185493|
0|185494|
0|185495|
0|185496|
0|185497|
0|185498|
0|185499|
0|185500|
0|185501|
0|185502|
0|185503|
0|185504|
0|185505|
0|185506|
0|185507|
0|185508|
0|185509|
0|185510|
0|185511|
0|185512|
0|185513|
0|185514|
0|185515|
0|185516|
0|185517|
0|185518|
0|185519|
0|185520|
0|185521|
0|185522|
0|185523|
0|185524|
0|185525|
0|185526|
0|185527|
0|185528|
0|185529|
0|185530|
0|185531|
0|185532|
0|185533|
0|185534|
0|185535|
0|185536|
0|185537|
0|185538|
0|185539|
0|185540|
0|185541|
