0|288488|
0|288489|
0|288490|
0|288491|
0|288492|
0|288493|
0|288494|
0|288495|
0|288496|
0|288497|
0|288498|
0|288499|
0|288500|
0|288501|
0|288502|
0|288503|
0|288504|
0|288505|
0|288506|
0|288508|
0|288509|
0|288510|
0|288511|
0|288512|
0|288513|
0|288514|
0|288515|
0|288516|
0|288517|
0|288518|
0|288519|
0|288520|
0|288521|
0|288522|
0|288523|
0|288524|
0|288525|
0|288526|
0|288527|
0|288528|
0|288529|
0|288530|
0|288531|
0|288532|
0|288533|
0|288534|
0|288535|
0|288536|
0|288537|
0|288538|
0|288539|
0|288540|
0|288541|
0|288542|
0|288543|
0|288544|
0|288545|
0|288546|
0|288547|
0|288548|
0|288549|
0|288550|
0|288551|
0|288552|
0|288553|
0|288554|
0|288555|
0|288556|
0|288557|
0|288558|
0|288559|
0|288560|
