0|650705|
0|650706|
0|650707|
0|650708|
0|650709|
0|650710|
0|650711|
0|650712|
0|650713|
0|650714|
0|650715|
0|650716|
0|650717|
0|650718|
0|650719|
0|650720|
0|650721|
0|650722|
0|650723|
0|650724|
0|650725|
0|650726|
0|650727|
0|650728|
0|650729|
0|650730|
0|650731|
0|650732|
0|650733|
0|650734|
0|650735|
0|650736|
0|650737|
0|650738|
0|650739|
0|650740|
0|650741|
0|650742|
0|650743|
0|650744|
0|650745|
0|650746|
0|650747|
0|650748|
0|650749|
0|650750|
0|650751|
0|650752|
0|650753|
0|650754|
0|650755|
0|650756|
0|650757|
0|650758|
0|650759|
0|650760|
0|650761|
0|650762|
0|650763|
0|650764|
0|650765|
0|650766|
0|650767|
0|650768|
0|650769|
0|650770|
0|650771|
0|650772|
0|650773|
0|650774|
0|650775|
0|650776|
0|650777|
0|650778|
0|650779|
0|650780|
0|650781|
0|650782|
0|650783|
0|650784|
0|650785|
0|650786|
0|650787|
0|650788|
0|650789|
0|650790|
0|650791|
0|650792|
0|650793|
0|650794|
0|650795|
0|650796|
0|650797|
0|650798|
