0|243358|
0|243359|
0|243360|
0|243361|
0|243362|
0|243363|
0|243364|
0|243365|
0|243366|
0|243367|
0|243368|
0|243369|
0|243370|
0|243371|
0|243372|
0|243373|
0|243374|
0|243375|
0|243376|
0|243377|
0|243378|
0|243379|
0|243380|
0|243381|
0|243382|
0|243383|
0|243384|
0|243385|
0|243386|
0|243387|
0|243388|
0|243389|
0|243390|
0|243391|
0|243392|
0|243393|
0|243394|
0|243395|
0|243396|
0|243397|
0|243398|
0|243399|
0|243400|
0|243401|
0|243402|
0|243403|
0|243404|
0|243405|
0|243406|
0|243407|
0|243408|
0|243409|
0|243410|
