0|452440|
0|452441|
0|452442|
0|452443|
0|452444|
0|452445|
0|452446|
0|452447|
0|452448|
0|452449|
0|452450|
0|452451|
0|452452|
0|452453|
0|452454|
0|452455|
0|452456|
0|452457|
0|452458|
0|452459|
0|452460|
0|452461|
0|452462|
0|452463|
0|452464|
0|452465|
0|452466|
0|452467|
0|452468|
0|452469|
0|452470|
0|452471|
0|452472|
0|452473|
0|452474|
0|452475|
0|452476|
0|452477|
0|452478|
0|452479|
0|452480|
0|452481|
0|452482|
0|452483|
0|452484|
0|452485|
0|452486|
0|452487|
0|452488|
0|452489|
0|452490|
