0|318213|
0|318214|
0|318215|
0|318216|
0|318217|
0|318218|
0|318219|
0|318220|
0|318221|
0|318222|
0|318223|
0|318224|
0|318225|
0|318226|
0|318227|
0|318228|
0|318229|
0|318230|
0|318231|
0|318232|
0|318233|
0|318234|
0|318235|
0|318236|
0|318237|
0|318238|
0|318239|
0|318240|
0|318241|
0|318242|
0|318243|
0|318244|
0|318245|
0|318246|
0|318247|
0|318248|
0|318249|
0|318250|
0|318251|
0|318252|
0|318253|
0|318254|
0|318255|
0|318256|
0|318257|
0|318258|
0|318259|
0|318260|
0|318261|
0|318262|
