0|214549|
0|214550|
0|214551|
0|214552|
0|214553|
0|214554|
0|214555|
0|214556|
0|214557|
0|214558|
0|214559|
0|214560|
0|214561|
0|214562|
0|214563|
0|214564|
0|214565|
0|214566|
0|214567|
0|214568|
0|214569|
0|214570|
0|214571|
0|214572|
0|214573|
0|214574|
0|214575|
0|214576|
0|214577|
0|214578|
0|214579|
0|214580|
0|214581|
0|214582|
0|214583|
0|214584|
0|214585|
0|214586|
0|214587|
0|214588|
0|214589|
0|214590|
0|214591|
0|214592|
0|214593|
0|214594|
0|214595|
0|214596|
0|214597|
0|214598|
0|214599|
0|214600|
0|214601|
0|214602|
