0|480180|
0|480181|
0|480182|
0|480183|
0|480184|
0|480185|
0|480186|
0|480187|
0|480188|
0|480189|
0|480190|
0|480191|
0|480192|
0|480193|
0|480194|
0|480195|
0|480196|
0|480197|
0|480198|
0|480199|
0|480200|
0|480201|
0|480202|
0|480203|
0|480204|
0|480205|
0|480206|
0|480207|
0|480208|
0|480209|
0|480210|
0|480211|
0|480212|
0|480213|
0|480214|
0|480215|
0|480216|
0|480217|
0|480218|
0|480219|
0|480220|
0|480221|
0|480222|
0|480223|
0|480224|
0|480225|
0|480226|
0|480227|
0|480228|
0|480229|
0|480230|
0|480231|
0|480232|
0|480233|
0|480234|
0|480235|
0|480236|
0|480237|
0|480238|
0|480239|
0|480240|
0|480241|
0|480242|
0|480243|
0|480244|
0|480245|
0|480246|
0|480247|
0|480248|
0|480249|
0|480250|
0|480251|
0|480252|
0|480253|
0|480254|
0|480255|
0|480256|
0|480257|
0|480258|
0|480259|
0|480260|
0|480261|
0|480262|
0|480263|
0|480264|
0|480265|
0|480266|
0|480267|
0|480268|
0|480269|
0|480270|
0|480271|
