0|623988|
0|623989|
0|623990|
0|623991|
0|623992|
0|623993|
0|623994|
0|623995|
0|623996|
0|623997|
0|623998|
0|623999|
0|624000|
0|624001|
0|624002|
0|624003|
0|624004|
0|624005|
0|624006|
0|624007|
0|624008|
0|624009|
0|624010|
0|624011|
0|624012|
0|624013|
0|624014|
0|624015|
0|624016|
0|624017|
0|624018|
0|624019|
0|624020|
0|624021|
0|624022|
0|624023|
0|624024|
0|624025|
0|624026|
0|624027|
0|624028|
0|624029|
0|624030|
0|624031|
0|624032|
0|624033|
0|624034|
0|624035|
0|624036|
0|624037|
0|624038|
0|624039|
0|624040|
0|624041|
0|624042|
0|624043|
0|624044|
0|624045|
0|624046|
0|624047|
0|624048|
0|624049|
0|624050|
0|624051|
0|624052|
0|624053|
0|624054|
0|624055|
0|624056|
0|624057|
0|624058|
0|624059|
0|624060|
0|624061|
0|624062|
0|624063|
0|624064|
0|624065|
0|624066|
0|624067|
0|624068|
