0|303276|
0|303277|
0|303278|
0|303279|
0|303280|
0|303281|
0|303282|
0|303283|
0|303284|
0|303285|
0|303286|
0|303287|
0|303288|
0|303289|
0|303290|
0|303291|
0|303292|
0|303293|
0|303294|
0|303295|
0|303296|
0|303297|
0|303298|
0|303299|
0|303300|
0|303301|
0|303302|
0|303303|
0|303304|
0|303305|
0|303306|
0|303307|
0|303308|
0|303309|
0|303310|
0|303311|
0|303312|
0|303313|
0|303314|
0|303315|
0|303316|
0|303317|
0|303318|
0|303319|
0|303320|
0|303321|
0|303322|
0|303323|
0|303324|
0|303325|
0|303326|
0|303327|
0|303328|
0|303329|
0|303330|
0|303331|
0|303332|
0|303333|
0|303334|
0|303335|
0|303336|
0|303337|
0|303338|
0|303339|
0|303340|
0|303341|
0|303342|
0|303343|
0|303344|
0|303345|
0|303346|
0|303347|
0|303348|
0|303349|
0|303350|
