0|323238|
0|323239|
0|323240|
0|323241|
0|323242|
0|323243|
0|323244|
0|323245|
0|323246|
0|323247|
0|323248|
0|323249|
0|323250|
0|323251|
0|323252|
0|323253|
0|323254|
0|323255|
0|323256|
0|323257|
0|323258|
0|323259|
0|323260|
0|323261|
0|323262|
0|323263|
0|323264|
0|323265|
0|323266|
0|323267|
0|323268|
0|323269|
0|323270|
0|323271|
0|323272|
0|323273|
0|323274|
0|323275|
0|323276|
0|323277|
0|323278|
0|323279|
0|323280|
0|323281|
0|323282|
0|323283|
0|323284|
0|323285|
0|323286|
0|323287|
0|323288|
0|323289|
0|323290|
0|323291|
0|323292|
0|323293|
0|323294|
0|323295|
0|323296|
0|323297|
0|323298|
0|323299|
0|323300|
0|323301|
0|323302|
0|323303|
0|323304|
0|323305|
0|323306|
0|323307|
0|323308|
0|323309|
0|323310|
0|323311|
0|323312|
0|323313|
0|323314|
0|323315|
0|323316|
0|323317|
0|323318|
0|323319|
0|323320|
0|323321|
0|323322|
0|323323|
0|323324|
0|323325|
0|323326|
0|323327|
0|323328|
0|323329|
0|323330|
0|323331|
0|323332|
0|323333|
0|323334|
0|323335|
0|323336|
0|323337|
0|323338|
0|323339|
0|323340|
0|323341|
0|323342|
0|323343|
0|323344|
