0|612300|
0|612301|
0|612302|
0|612303|
0|612304|
0|612305|
0|612306|
0|612307|
0|612308|
0|612309|
0|612310|
0|612311|
0|612312|
0|612313|
0|612314|
0|612315|
0|612316|
0|612317|
0|612318|
0|612319|
0|612320|
0|612321|
0|612322|
0|612323|
0|612324|
0|612325|
0|612326|
0|612327|
0|612328|
0|612329|
0|612330|
0|612332|
0|612333|
0|612334|
0|612335|
0|612336|
0|612337|
0|612338|
0|612339|
0|612340|
0|612341|
0|612342|
0|612343|
0|612344|
0|612345|
0|612346|
0|612347|
0|612348|
0|612349|
0|612350|
0|612351|
0|612352|
0|612353|
0|612354|
0|612355|
0|612356|
0|612357|
0|612358|
0|612359|
0|612360|
0|612361|
0|612362|
0|612363|
0|612364|
0|612365|
0|612366|
0|612367|
0|612368|
0|612369|
0|612370|
0|612371|
