0|624194|
0|624195|
0|624196|
0|624197|
0|624198|
0|624199|
0|624200|
0|624201|
0|624202|
0|624203|
0|624204|
0|624205|
0|624206|
0|624207|
0|624208|
0|624209|
0|624210|
0|624211|
0|624212|
0|624213|
0|624214|
0|624215|
0|624216|
0|624217|
0|624218|
0|624219|
0|624220|
0|624221|
0|624222|
0|624223|
0|624224|
0|624225|
0|624226|
0|624227|
0|624228|
0|624229|
0|624230|
0|624231|
0|624232|
0|624233|
0|624234|
0|624235|
0|624236|
0|624237|
0|624238|
0|624239|
0|624240|
0|624241|
0|624242|
0|624243|
0|624244|
0|624245|
0|624246|
0|624247|
0|624248|
0|624249|
0|624250|
0|624251|
0|624252|
0|624253|
0|624254|
0|624255|
