0|705332|
0|705333|
0|705334|
0|705335|
0|705336|
0|705337|
0|705338|
0|705339|
0|705340|
0|705341|
0|705342|
0|705343|
0|705344|
0|705345|
0|705346|
0|705347|
0|705348|
0|705349|
0|705350|
0|705351|
0|705352|
0|705353|
0|705354|
0|705355|
0|705356|
0|705357|
0|705358|
0|705359|
0|705360|
0|705361|
0|705362|
0|705363|
0|705364|
0|705365|
0|705366|
0|705367|
0|705368|
0|705369|
0|705370|
0|705371|
0|705372|
0|705373|
0|705374|
0|705375|
0|705376|
0|705377|
0|705378|
0|705379|
0|705380|
0|705381|
0|705382|
0|705383|
0|705384|
0|705385|
0|705386|
0|705387|
0|705388|
0|705389|
0|705390|
0|705391|
0|705392|
0|705393|
0|705394|
0|705395|
0|705396|
0|705397|
0|705398|
0|705399|
0|705400|
0|705401|
0|705402|
0|705403|
0|705404|
0|705405|
0|705406|
0|705407|
0|705408|
0|705409|
0|705410|
0|705411|
0|705412|
0|705413|
0|705414|
0|705415|
0|705416|
0|705417|
0|705418|
0|705419|
0|705420|
