0|598565|
0|598566|
0|598567|
0|598568|
0|598569|
0|598570|
0|598571|
0|598572|
0|598573|
0|598574|
0|598575|
0|598576|
0|598577|
0|598578|
0|598579|
0|598580|
0|598581|
0|598582|
0|598583|
0|598584|
0|598585|
0|598586|
0|598587|
0|598588|
0|598589|
0|598590|
0|598591|
0|598592|
0|598593|
0|598594|
0|598595|
0|598596|
0|598597|
0|598598|
0|598599|
0|598600|
0|598601|
0|598602|
0|598603|
0|598604|
0|598605|
0|598606|
0|598607|
0|598608|
0|598609|
0|598610|
0|598611|
0|598612|
0|598613|
0|598614|
0|598615|
0|598616|
0|598617|
0|598618|
0|598619|
0|598620|
0|598621|
0|598622|
0|598623|
0|598624|
0|598625|
0|598626|
0|598627|
0|598628|
0|598629|
0|598630|
0|598631|
0|598632|
0|598633|
0|598634|
0|598635|
0|598636|
0|598637|
0|598638|
0|598639|
0|598640|
0|598641|
0|598642|
0|598643|
0|598644|
0|598645|
