0|219679|
0|219680|
0|219681|
0|219682|
0|219683|
0|219684|
0|219685|
0|219686|
0|219687|
0|219688|
0|219689|
0|219690|
0|219691|
0|219692|
0|219693|
0|219694|
0|219695|
0|219696|
0|219697|
0|219698|
0|219699|
0|219700|
0|219701|
0|219702|
0|219703|
0|219704|
0|219705|
0|219706|
0|219707|
0|219708|
0|219709|
0|219710|
0|219711|
0|219712|
0|219713|
0|219714|
0|219715|
0|219716|
0|219717|
0|219718|
0|219719|
0|219720|
0|219721|
0|219722|
0|219723|
0|219724|
0|219725|
0|219726|
0|219727|
0|219728|
0|219729|
