0|46806|
0|46807|
0|46808|
0|46809|
0|46810|
0|46811|
0|46812|
0|46813|
0|46814|
0|46815|
0|46816|
0|46817|
0|46818|
0|46819|
0|46820|
0|46821|
0|46822|
0|46823|
0|46824|
0|46825|
0|46826|
0|46827|
0|46828|
0|46829|
0|46830|
0|46831|
0|46832|
0|46833|
0|46834|
0|46835|
0|46836|
0|46837|
0|46838|
0|46839|
0|46840|
0|46841|
0|46842|
0|46843|
0|46844|
0|46845|
0|46846|
0|46847|
0|46848|
0|46849|
0|46850|
0|46851|
0|46852|
0|46853|
0|46854|
0|46855|
0|46856|
0|46857|
0|46858|
0|46859|
0|46860|
0|46861|
0|46862|
