0|109553|
0|109554|
0|109555|
0|109556|
0|109557|
0|109558|
0|109559|
0|109560|
0|109561|
0|109562|
0|109563|
0|109565|
0|109566|
0|109567|
0|109568|
0|109569|
0|109570|
0|109571|
0|109572|
0|109573|
0|109574|
0|109575|
0|109576|
0|109577|
0|109578|
0|109579|
0|109580|
0|109581|
0|109582|
0|109583|
0|109584|
0|109585|
0|109586|
0|109587|
0|109588|
0|109589|
0|109590|
0|109592|
0|109593|
0|109594|
0|109595|
0|109596|
0|109597|
0|109598|
0|109599|
0|109600|
0|109601|
0|109602|
0|109603|
0|109604|
0|109605|
0|109606|
0|109607|
0|109608|
0|109609|
0|109611|
0|109612|
0|109613|
0|109614|
0|109615|
0|109616|
0|109617|
0|109618|
0|109619|
0|109620|
0|109621|
0|109622|
0|109623|
0|109624|
0|109625|
0|109626|
0|109627|
0|109629|
0|109630|
0|109631|
0|109632|
0|109633|
0|109634|
0|109635|
0|109636|
0|109637|
0|109638|
0|109639|
0|109640|
0|109641|
0|109642|
0|109643|
0|109644|
0|109645|
0|109646|
0|109647|
0|109648|
0|109649|
0|109650|
0|109651|
0|109652|
0|109653|
0|109654|
0|109655|
0|109656|
0|109657|
0|109658|
0|109659|
0|109660|
0|109661|
0|109662|
0|109663|
0|109664|
0|109665|
