0|147887|
0|147888|
0|147889|
0|147890|
0|147891|
0|147892|
0|147893|
0|147894|
0|147895|
0|147896|
0|147897|
0|147898|
0|147899|
0|147900|
0|147901|
0|147902|
0|147903|
0|147904|
0|147905|
0|147906|
0|147907|
0|147908|
0|147909|
0|147910|
0|147911|
0|147912|
0|147913|
0|147914|
0|147915|
0|147916|
0|147917|
0|147918|
0|147919|
0|147920|
0|147921|
0|147922|
0|147923|
0|147924|
0|147925|
0|147926|
0|147927|
0|147928|
0|147929|
0|147930|
0|147931|
0|147932|
0|147933|
0|147934|
0|147935|
0|147936|
0|147937|
0|147938|
0|147939|
0|147940|
0|147941|
0|147942|
0|147943|
0|147944|
0|147945|
0|147946|
0|147947|
0|147948|
0|147949|
