0|176202|
0|176203|
0|176204|
0|176205|
0|176206|
0|176207|
0|176208|
0|176209|
0|176210|
0|176211|
0|176212|
0|176213|
0|176214|
0|176215|
0|176216|
0|176217|
0|176218|
0|176219|
0|176220|
0|176221|
0|176222|
0|176223|
0|176224|
0|176225|
0|176226|
0|176227|
0|176228|
0|176229|
0|176230|
0|176231|
0|176232|
0|176233|
0|176234|
0|176235|
0|176236|
0|176237|
0|176238|
0|176239|
0|176240|
0|176241|
0|176242|
0|176243|
0|176244|
0|176245|
0|176246|
0|176247|
0|176248|
0|176249|
0|176250|
0|176251|
0|176252|
0|176253|
0|176254|
0|176255|
0|176256|
0|176257|
0|176258|
0|176259|
0|176260|
0|176261|
0|176262|
0|176263|
0|176264|
0|176265|
0|176266|
0|176267|
0|176268|
0|176269|
0|176270|
0|176271|
0|176272|
0|176273|
0|176274|
0|176275|
0|176276|
0|176277|
