0|302479|
0|302481|
0|302483|
0|302485|
0|302487|
0|302489|
0|302491|
0|302493|
0|302495|
0|302497|
0|302499|
0|302501|
0|302502|
0|302503|
0|302504|
0|302505|
0|302506|
0|302507|
0|302508|
0|302509|
0|302510|
0|302511|
0|302512|
0|302513|
0|302514|
0|302515|
0|302516|
0|302517|
0|302518|
0|302519|
0|302520|
0|302521|
0|302522|
0|302523|
0|302524|
0|302525|
0|302526|
0|302527|
0|302528|
0|302529|
0|302530|
0|302531|
0|302532|
0|302533|
0|302534|
0|302535|
0|302536|
0|302537|
0|302538|
0|302539|
0|302540|
0|302541|
0|302542|
