0|195987|
0|195988|
0|195989|
0|195990|
0|195991|
0|195992|
0|195993|
0|195994|
0|195995|
0|195996|
0|195997|
0|195998|
0|195999|
0|196000|
0|196001|
0|196002|
0|196003|
0|196004|
0|196005|
0|196006|
0|196007|
0|196008|
0|196009|
0|196010|
0|196011|
0|196012|
0|196013|
0|196014|
0|196015|
0|196016|
0|196017|
0|196018|
0|196019|
0|196020|
0|196021|
0|196022|
0|196023|
0|196024|
0|196025|
0|196026|
0|196027|
0|196028|
0|196029|
0|196030|
0|196031|
0|196032|
0|196033|
0|196034|
0|196035|
0|196036|
0|196037|
0|196038|
0|196039|
0|196040|
0|196041|
0|196042|
0|196043|
0|196044|
0|196045|
0|196046|
0|196047|
0|196048|
0|196049|
0|196050|
0|196051|
0|196052|
0|196053|
0|196054|
0|196056|
0|196058|
0|196059|
0|196060|
0|196061|
0|196062|
0|196063|
0|196064|
0|196065|
0|196066|
0|196067|
0|196068|
0|196069|
0|196070|
0|196071|
0|196072|
0|196073|
0|196074|
0|196075|
0|196076|
0|196077|
0|196078|
0|196079|
0|196080|
0|196081|
0|196082|
0|196083|
0|196084|
0|196085|
0|196086|
0|196087|
