0|277699|
0|277700|
0|277701|
0|277702|
0|277703|
0|277704|
0|277705|
0|277706|
0|277707|
0|277708|
0|277709|
0|277710|
0|277711|
0|277712|
0|277713|
0|277714|
0|277715|
0|277716|
0|277717|
0|277718|
0|277719|
0|277720|
0|277721|
0|277722|
0|277723|
0|277724|
0|277725|
0|277726|
0|277727|
0|277728|
0|277729|
0|277730|
0|277731|
0|277732|
0|277733|
0|277734|
0|277735|
0|277736|
0|277737|
0|277738|
0|277739|
0|277740|
0|277741|
0|277742|
0|277743|
0|277744|
0|277745|
0|277746|
0|277747|
0|277748|
0|277749|
0|277750|
0|277751|
0|277752|
0|277753|
0|277754|
0|277755|
0|277756|
0|277757|
0|277758|
0|277759|
0|277760|
0|277761|
0|277762|
0|277763|
0|277764|
0|277765|
0|277766|
0|277767|
0|277768|
