0|231299|
0|231300|
0|231301|
0|231302|
0|231303|
0|231304|
0|231305|
0|231306|
0|231307|
0|231308|
0|231309|
0|231310|
0|231311|
0|231312|
0|231313|
0|231314|
0|231315|
0|231316|
0|231317|
0|231318|
0|231319|
0|231320|
0|231321|
0|231322|
0|231323|
0|231324|
0|231325|
0|231326|
0|231327|
0|231328|
0|231329|
0|231330|
0|231331|
0|231332|
0|231334|
0|231335|
0|231336|
0|231337|
0|231338|
0|231339|
0|231340|
0|231341|
0|231342|
0|231343|
0|231344|
0|231345|
0|231346|
0|231347|
0|231348|
0|231349|
0|231351|
0|231352|
0|231353|
0|231354|
0|231355|
0|231356|
0|231357|
0|231358|
0|231359|
