0|699785|
0|699787|
0|699789|
0|699791|
0|699793|
0|699795|
0|699797|
0|699799|
0|699801|
0|699803|
0|699805|
0|699808|
0|699811|
0|699814|
0|699817|
0|699820|
0|699823|
0|699826|
0|699830|
0|699834|
0|699837|
0|699841|
0|699844|
0|699848|
0|699852|
0|699856|
0|699861|
0|699865|
0|699868|
0|699872|
0|699876|
0|699880|
0|699884|
0|699890|
0|699894|
0|699898|
0|699901|
0|699905|
0|699910|
0|699914|
0|699918|
0|699922|
0|699926|
0|699930|
0|699934|
0|699938|
0|699942|
0|699946|
0|699950|
0|699954|
0|699958|
0|699962|
0|699966|
0|699970|
0|699974|
0|699977|
0|699980|
0|699983|
0|699986|
0|699989|
0|699991|
0|699994|
0|699997|
0|700000|
0|700003|
0|700006|
0|700009|
0|700012|
0|700015|
0|700018|
0|700022|
0|700026|
