0|552574|
0|552575|
0|552576|
0|552577|
0|552578|
0|552579|
0|552580|
0|552581|
0|552582|
0|552583|
0|552584|
0|552585|
0|552586|
0|552587|
0|552588|
0|552589|
0|552590|
0|552591|
0|552592|
0|552593|
0|552594|
0|552595|
0|552596|
0|552597|
0|552598|
0|552599|
0|552600|
0|552601|
0|552602|
0|552603|
0|552604|
0|552605|
0|552606|
0|552607|
0|552608|
0|552609|
0|552610|
0|552611|
0|552612|
0|552613|
0|552614|
0|552615|
0|552616|
0|552617|
0|552618|
0|552619|
0|552620|
0|552621|
0|552622|
0|552623|
0|552624|
0|552625|
0|552626|
0|552627|
0|552628|
0|552629|
0|552630|
0|552631|
0|552632|
0|552633|
0|552634|
0|552635|
0|552636|
0|552637|
0|552638|
0|552639|
0|552640|
0|552641|
0|552642|
0|552643|
0|552644|
0|552645|
0|552646|
0|552647|
0|552648|
0|552649|
0|552650|
0|552651|
0|552652|
0|552653|
0|552655|
0|552657|
0|552659|
0|552661|
0|552663|
0|552665|
0|552667|
0|552669|
0|552671|
0|552673|
0|552675|
0|552677|
0|552679|
0|552681|
0|552683|
0|552686|
0|552688|
0|552690|
0|552692|
0|552694|
0|552696|
0|552698|
0|552700|
0|552702|
0|552704|
0|552706|
0|552708|
0|552710|
0|552712|
