0|658670|
0|658671|
0|658672|
0|658673|
0|658674|
0|658675|
0|658676|
0|658677|
0|658678|
0|658679|
0|658680|
0|658681|
0|658682|
0|658683|
0|658684|
0|658685|
0|658686|
0|658687|
0|658688|
0|658689|
0|658690|
0|658691|
0|658692|
0|658693|
0|658694|
0|658695|
0|658696|
0|658697|
0|658698|
0|658699|
0|658700|
0|658701|
0|658702|
0|658703|
0|658704|
0|658705|
0|658706|
0|658707|
0|658708|
0|658709|
0|658710|
0|658711|
0|658712|
0|658713|
0|658714|
0|658715|
0|658716|
0|658717|
0|658718|
0|658719|
0|658720|
0|658721|
0|658722|
0|658723|
0|658724|
0|658725|
0|658726|
0|658727|
0|658728|
0|658729|
0|658730|
0|658731|
0|658732|
0|658733|
0|658734|
0|658735|
0|658736|
0|658737|
0|658738|
0|658739|
0|658740|
0|658741|
0|658742|
0|658743|
0|658744|
0|658745|
0|658746|
0|658747|
0|658748|
0|658749|
0|658750|
