0|57197|
0|57198|
0|57199|
0|57200|
0|57201|
0|57202|
0|57203|
0|57204|
0|57205|
0|57206|
0|57207|
0|57208|
0|57209|
0|57210|
0|57211|
0|57212|
0|57213|
0|57214|
0|57215|
0|57216|
0|57217|
0|57218|
0|57219|
0|57220|
0|57221|
0|57222|
0|57223|
0|57224|
0|57225|
0|57226|
0|57227|
0|57228|
0|57229|
0|57230|
0|57231|
0|57232|
0|57233|
0|57234|
0|57235|
0|57236|
0|57237|
0|57238|
0|57239|
0|57240|
0|57241|
0|57242|
0|57243|
0|57244|
0|57245|
0|57246|
0|57247|
0|57248|
0|57249|
0|57250|
0|57251|
0|57252|
0|57253|
0|57254|
0|57255|
0|57256|
0|57257|
0|57258|
0|57259|
0|57260|
0|57261|
0|57262|
0|57263|
0|57264|
0|57265|
0|57266|
0|57267|
0|57268|
0|57269|
0|57270|
0|57271|
