0|690933|
0|690934|
0|690935|
0|690936|
0|690937|
0|690938|
0|690939|
0|690940|
0|690941|
0|690942|
0|690943|
0|690944|
0|690945|
0|690946|
0|690947|
0|690948|
0|690949|
0|690950|
0|690951|
0|690952|
0|690953|
0|690954|
0|690955|
0|690956|
0|690957|
0|690958|
0|690959|
0|690960|
0|690961|
0|690962|
0|690963|
0|690964|
0|690965|
0|690966|
0|690967|
0|690968|
0|690969|
0|690970|
0|690971|
0|690972|
0|690973|
0|690974|
0|690975|
0|690976|
0|690977|
0|690978|
0|690979|
0|690980|
0|690981|
0|690982|
0|690983|
0|690984|
0|690985|
0|690986|
0|690987|
0|690988|
0|690989|
0|690990|
0|690991|
0|690992|
0|690993|
0|690994|
0|690995|
0|690996|
0|690997|
0|690998|
0|690999|
0|691000|
0|691001|
0|691002|
0|691003|
0|691004|
0|691005|
0|691006|
0|691007|
