0|196138|
0|196139|
0|196140|
0|196141|
0|196142|
0|196143|
0|196144|
0|196145|
0|196146|
0|196147|
0|196148|
0|196149|
0|196150|
0|196151|
0|196152|
0|196153|
0|196154|
0|196155|
0|196156|
0|196157|
0|196158|
0|196159|
0|196160|
0|196161|
0|196162|
0|196163|
0|196164|
0|196165|
0|196166|
0|196167|
0|196168|
0|196169|
0|196170|
0|196171|
0|196172|
0|196173|
0|196174|
0|196175|
0|196176|
0|196177|
0|196178|
0|196179|
0|196180|
0|196181|
0|196182|
0|196183|
0|196184|
0|196185|
0|196186|
0|196187|
0|196188|
