0|601843|
0|601844|
0|601845|
0|601846|
0|601847|
0|601848|
0|601849|
0|601850|
0|601851|
0|601852|
0|601853|
0|601854|
0|601855|
0|601856|
0|601857|
0|601858|
0|601859|
0|601860|
0|601861|
0|601862|
0|601863|
0|601864|
0|601865|
0|601866|
0|601867|
0|601868|
0|601869|
0|601870|
0|601871|
0|601872|
0|601873|
0|601874|
0|601875|
0|601876|
0|601877|
0|601878|
0|601879|
0|601880|
0|601881|
0|601882|
0|601883|
0|601884|
0|601885|
0|601886|
0|601887|
0|601888|
0|601889|
0|601890|
0|601891|
0|601892|
0|601893|
0|601894|
0|601895|
0|601896|
0|601897|
0|601898|
0|601899|
0|601900|
0|601901|
0|601902|
0|601903|
0|601904|
0|601905|
0|601906|
0|601907|
0|601908|
0|601909|
0|601910|
0|601911|
0|601912|
0|601913|
0|601914|
0|601915|
0|601916|
0|601917|
0|601918|
0|601919|
0|601920|
0|601921|
0|601922|
0|601923|
