0|408980|
0|408981|
0|408982|
0|408983|
0|408984|
0|408985|
0|408986|
0|408987|
0|408988|
0|408989|
0|408990|
0|408991|
0|408992|
0|408993|
0|408994|
0|408995|
0|408996|
0|408997|
0|408998|
0|408999|
0|409000|
0|409001|
0|409002|
0|409003|
0|409004|
0|409005|
0|409006|
0|409007|
0|409008|
0|409009|
0|409010|
0|409011|
0|409012|
0|409013|
0|409014|
0|409015|
0|409016|
0|409017|
0|409018|
0|409019|
0|409020|
0|409021|
0|409022|
0|409023|
0|409024|
0|409025|
0|409026|
0|409027|
0|409028|
0|409029|
0|409030|
0|409031|
0|409032|
0|409033|
0|409034|
0|409035|
0|409036|
0|409037|
0|409038|
0|409039|
0|409040|
0|409041|
0|409042|
0|409043|
0|409044|
0|409045|
0|409046|
0|409047|
0|409048|
0|409049|
