0|38365|
0|38366|
0|38367|
0|38368|
0|38369|
0|38370|
0|38371|
0|38372|
0|38373|
0|38374|
0|38375|
0|38376|
0|38377|
0|38378|
0|38379|
0|38380|
0|38381|
0|38382|
0|38383|
0|38384|
0|38385|
0|38386|
0|38387|
0|38388|
0|38389|
0|38390|
0|38391|
0|38392|
0|38393|
0|38394|
0|38395|
0|38396|
0|38398|
0|38399|
0|38400|
0|38401|
0|38402|
0|38403|
0|38404|
0|38405|
0|38406|
0|38407|
0|38408|
0|38409|
0|38410|
0|38411|
0|38412|
0|38413|
0|38414|
0|38415|
0|38416|
0|38417|
0|38418|
0|38419|
0|38420|
0|38421|
0|38422|
0|38423|
0|38425|
0|38426|
0|38427|
0|38428|
0|38429|
0|38430|
0|38431|
0|38432|
0|38433|
0|38434|
0|38435|
0|38436|
0|38437|
0|38438|
0|38439|
0|38440|
0|38441|
0|38442|
0|38443|
0|38444|
0|38445|
0|38446|
0|38447|
0|38448|
0|38449|
0|38450|
0|38451|
0|38452|
0|38453|
0|38454|
0|38455|
0|38456|
0|38457|
0|38458|
0|38459|
0|38460|
0|38461|
0|38462|
0|38463|
0|38464|
0|38465|
0|38466|
0|38467|
0|38468|
0|38469|
0|38470|
0|38471|
0|38472|
0|38473|
0|38474|
0|38475|
0|38476|
0|38477|
0|38478|
0|38479|
0|38480|
0|38481|
0|38482|
0|38483|
