0|529012|
0|529013|
0|529014|
0|529015|
0|529016|
0|529017|
0|529018|
0|529019|
0|529020|
0|529021|
0|529022|
0|529023|
0|529024|
0|529025|
0|529026|
0|529027|
0|529028|
0|529029|
0|529030|
0|529031|
0|529032|
0|529033|
0|529034|
0|529035|
0|529036|
0|529037|
0|529038|
0|529039|
0|529040|
0|529042|
0|529043|
0|529044|
0|529045|
0|529046|
0|529047|
0|529048|
0|529049|
0|529050|
0|529051|
0|529052|
0|529053|
0|529054|
0|529055|
0|529056|
0|529057|
0|529058|
0|529059|
0|529060|
0|529061|
0|529062|
0|529063|
0|529064|
0|529065|
0|529066|
0|529067|
0|529068|
0|529069|
0|529070|
0|529071|
0|529072|
0|529073|
0|529074|
0|529075|
0|529076|
0|529077|
0|529078|
0|529079|
0|529080|
0|529081|
0|529082|
0|529083|
0|529084|
0|529085|
0|529086|
0|529087|
0|529088|
0|529089|
0|529090|
0|529091|
0|529092|
0|529093|
0|529094|
0|529095|
0|529096|
0|529097|
0|529098|
