0|653854|
0|653855|
0|653856|
0|653857|
0|653858|
0|653859|
0|653860|
0|653861|
0|653862|
0|653863|
0|653864|
0|653865|
0|653866|
0|653867|
0|653868|
0|653869|
0|653870|
0|653871|
0|653872|
0|653873|
0|653874|
0|653875|
0|653876|
0|653877|
0|653878|
0|653879|
0|653880|
0|653881|
0|653882|
0|653883|
0|653884|
0|653885|
0|653886|
0|653887|
0|653888|
0|653889|
0|653890|
0|653891|
0|653892|
0|653893|
0|653894|
0|653895|
0|653896|
0|653897|
0|653898|
0|653899|
0|653900|
0|653901|
0|653902|
0|653903|
0|653904|
0|653905|
0|653906|
0|653907|
0|653908|
0|653909|
0|653910|
0|653911|
0|653912|
0|653913|
0|653914|
0|653915|
0|653916|
0|653917|
0|653918|
0|653919|
0|653920|
0|653921|
0|653922|
0|653923|
0|653924|
0|653925|
0|653926|
0|653927|
0|653928|
0|653929|
0|653930|
0|653931|
0|653932|
0|653933|
0|653934|
0|653935|
0|653936|
0|653937|
0|653938|
