0|663119|
0|663120|
0|663121|
0|663122|
0|663123|
0|663124|
0|663125|
0|663126|
0|663127|
0|663128|
0|663129|
0|663130|
0|663131|
0|663132|
0|663133|
0|663134|
0|663135|
0|663136|
0|663137|
0|663138|
0|663139|
0|663140|
0|663141|
0|663142|
0|663143|
0|663144|
0|663145|
0|663146|
0|663147|
0|663148|
0|663149|
0|663150|
0|663151|
0|663152|
0|663153|
0|663154|
0|663155|
0|663156|
0|663157|
0|663158|
0|663159|
0|663160|
0|663161|
0|663162|
0|663163|
0|663164|
0|663165|
0|663166|
0|663167|
0|663168|
0|663169|
0|663170|
0|663171|
0|663172|
0|663173|
0|663174|
0|663175|
0|663176|
0|663177|
0|663178|
0|663179|
0|663180|
0|663181|
0|663182|
0|663183|
0|663184|
0|663185|
0|663186|
0|663187|
0|663188|
0|663189|
0|663190|
0|663191|
0|663192|
0|663193|
0|663194|
0|663195|
0|663196|
0|663197|
0|663198|
0|663199|
