0|378879|
0|378880|
0|378881|
0|378882|
0|378883|
0|378884|
0|378885|
0|378886|
0|378887|
0|378888|
0|378889|
0|378890|
0|378891|
0|378892|
0|378893|
0|378894|
0|378895|
0|378896|
0|378897|
0|378898|
0|378899|
0|378900|
0|378901|
0|378902|
0|378903|
0|378904|
0|378905|
0|378906|
0|378907|
0|378908|
0|378909|
0|378910|
0|378911|
0|378912|
0|378913|
0|378914|
0|378915|
0|378916|
0|378917|
0|378918|
0|378919|
0|378920|
0|378921|
0|378922|
0|378923|
0|378924|
0|378925|
0|378926|
0|378927|
0|378928|
0|378929|
0|378930|
0|378931|
0|378932|
0|378933|
0|378934|
0|378935|
0|378936|
0|378937|
0|378938|
0|378939|
0|378940|
0|378941|
0|378942|
0|378943|
0|378944|
0|378945|
0|378946|
0|378947|
0|378948|
0|378949|
0|378950|
0|378951|
0|378952|
0|378953|
