0|430607|
0|430608|
0|430609|
0|430610|
0|430611|
0|430612|
0|430613|
0|430614|
0|430615|
0|430616|
0|430617|
0|430618|
0|430619|
0|430620|
0|430621|
0|430622|
0|430623|
0|430624|
0|430625|
0|430626|
0|430627|
0|430628|
0|430629|
0|430630|
0|430631|
0|430632|
0|430633|
0|430634|
0|430635|
0|430636|
0|430637|
0|430638|
0|430639|
0|430640|
0|430641|
0|430642|
0|430643|
0|430644|
0|430645|
0|430646|
0|430647|
0|430648|
0|430649|
0|430650|
0|430651|
0|430652|
0|430653|
0|430654|
0|430655|
0|430656|
0|430657|
0|430658|
0|430659|
0|430660|
0|430661|
0|430662|
0|430663|
0|430664|
