0|195066|
0|195067|
0|195068|
0|195069|
0|195070|
0|195071|
0|195072|
0|195073|
0|195074|
0|195075|
0|195076|
0|195077|
0|195078|
0|195079|
0|195080|
0|195081|
0|195082|
0|195083|
0|195084|
0|195085|
0|195086|
0|195087|
0|195088|
0|195089|
0|195090|
0|195091|
0|195092|
0|195093|
0|195094|
0|195095|
0|195096|
0|195097|
0|195098|
0|195099|
0|195100|
0|195101|
0|195102|
0|195103|
0|195104|
0|195105|
0|195106|
0|195107|
0|195108|
0|195109|
0|195110|
0|195111|
0|195112|
0|195113|
0|195114|
0|195115|
0|195116|
0|195117|
0|195118|
0|195119|
0|195120|
0|195121|
0|195122|
0|195123|
0|195124|
0|195125|
0|195126|
0|195127|
0|195128|
0|195129|
0|195130|
0|195131|
0|195132|
0|195133|
0|195134|
0|195135|
0|195136|
0|195137|
0|195138|
0|195139|
0|195140|
0|195141|
0|195142|
0|195143|
0|195144|
0|195145|
0|195146|
0|195147|
0|195148|
0|195149|
0|195150|
0|195151|
0|195152|
0|195153|
0|195154|
0|195155|
0|195156|
0|195157|
0|195158|
0|195159|
0|195160|
0|195161|
0|195162|
0|195163|
0|195164|
0|195165|
0|195166|
0|195167|
0|195168|
0|195169|
0|195170|
0|195171|
0|195172|
0|195173|
0|195174|
