0|94177|
0|94178|
0|94179|
0|94180|
0|94181|
0|94182|
0|94183|
0|94184|
0|94185|
0|94186|
0|94187|
0|94188|
0|94189|
0|94190|
0|94191|
0|94192|
0|94193|
0|94194|
0|94195|
0|94196|
0|94197|
0|94198|
0|94199|
0|94200|
0|94201|
0|94202|
0|94203|
0|94204|
0|94206|
0|94207|
0|94208|
0|94209|
0|94210|
0|94211|
0|94212|
0|94213|
0|94214|
0|94215|
0|94216|
0|94217|
0|94218|
0|94219|
0|94220|
0|94221|
0|94222|
0|94223|
0|94224|
0|94225|
0|94226|
0|94227|
0|94228|
0|94229|
0|94230|
0|94231|
0|94232|
0|94234|
0|94235|
0|94236|
0|94237|
