0|673619|
0|673620|
0|673621|
0|673622|
0|673623|
0|673624|
0|673625|
0|673626|
0|673627|
0|673628|
0|673629|
0|673630|
0|673631|
0|673632|
0|673633|
0|673634|
0|673635|
0|673636|
0|673637|
0|673638|
0|673639|
0|673640|
0|673641|
0|673642|
0|673643|
0|673644|
0|673645|
0|673646|
0|673648|
0|673650|
0|673652|
0|673653|
0|673654|
0|673655|
0|673656|
0|673657|
0|673658|
0|673659|
0|673660|
0|673661|
0|673662|
0|673663|
0|673664|
0|673665|
0|673666|
0|673667|
0|673668|
0|673669|
0|673670|
0|673671|
0|673672|
0|673673|
0|673674|
0|673675|
0|673676|
0|673677|
0|673678|
0|673679|
0|673680|
0|673681|
0|673682|
0|673683|
0|673684|
0|673685|
0|673686|
0|673687|
0|673688|
0|673689|
0|673690|
0|673691|
0|673692|
0|673693|
0|673694|
0|673695|
0|673696|
0|673697|
0|673698|
0|673699|
0|673700|
0|673701|
0|673702|
0|673703|
0|673704|
0|673705|
0|673706|
0|673707|
0|673708|
0|673709|
0|673710|
0|673711|
0|673712|
0|673713|
0|673714|
0|673715|
0|673716|
0|673717|
