0|590444|
0|590445|
0|590446|
0|590447|
0|590448|
0|590449|
0|590450|
0|590451|
0|590452|
0|590453|
0|590454|
0|590455|
0|590456|
0|590457|
0|590458|
0|590459|
0|590460|
0|590461|
0|590462|
0|590463|
0|590464|
0|590465|
0|590466|
0|590467|
0|590468|
0|590469|
0|590470|
0|590471|
0|590472|
0|590473|
0|590474|
0|590475|
0|590476|
0|590477|
0|590478|
0|590479|
0|590480|
0|590481|
0|590482|
0|590483|
0|590484|
0|590485|
0|590486|
0|590487|
0|590488|
0|590489|
0|590490|
0|590491|
0|590492|
0|590493|
0|590494|
0|590495|
0|590496|
0|590497|
0|590498|
0|590499|
0|590500|
0|590501|
0|590502|
0|590503|
0|590504|
0|590505|
0|590506|
0|590507|
0|590508|
0|590509|
0|590510|
0|590511|
0|590512|
0|590513|
0|590514|
0|590515|
0|590516|
0|590517|
0|590518|
0|590519|
0|590520|
0|590521|
0|590522|
0|590523|
