0|147298|
0|147299|
0|147300|
0|147301|
0|147302|
0|147303|
0|147304|
0|147305|
0|147306|
0|147307|
0|147308|
0|147309|
0|147310|
0|147311|
0|147312|
0|147313|
0|147314|
0|147315|
0|147316|
0|147317|
0|147318|
0|147319|
0|147320|
0|147321|
0|147322|
0|147323|
0|147324|
0|147325|
0|147326|
0|147327|
0|147328|
0|147329|
0|147330|
0|147331|
0|147332|
0|147333|
0|147334|
0|147335|
0|147336|
0|147337|
0|147338|
0|147339|
0|147340|
0|147341|
0|147342|
0|147343|
0|147344|
0|147345|
0|147346|
0|147347|
0|147348|
0|147349|
0|147350|
0|147351|
0|147352|
0|147353|
0|147354|
0|147355|
0|147356|
0|147357|
0|147358|
0|147359|
0|147360|
0|147361|
0|147362|
0|147363|
0|147364|
0|147365|
0|147366|
0|147367|
0|147368|
0|147369|
