0|499904|
0|499905|
0|499906|
0|499907|
0|499908|
0|499909|
0|499910|
0|499911|
0|499912|
0|499913|
0|499914|
0|499915|
0|499916|
0|499917|
0|499918|
0|499919|
0|499920|
0|499921|
0|499922|
0|499923|
0|499924|
0|499925|
0|499926|
0|499927|
0|499928|
0|499929|
0|499930|
0|499931|
0|499932|
0|499933|
0|499934|
0|499935|
0|499937|
0|499939|
0|499941|
0|499943|
0|499944|
0|499945|
0|499946|
0|499947|
0|499948|
0|499949|
0|499950|
0|499951|
0|499953|
0|499955|
0|499957|
0|499959|
0|499960|
0|499961|
0|499962|
0|499963|
0|499964|
0|499965|
0|499966|
0|499967|
0|499968|
0|499969|
0|499970|
0|499971|
0|499972|
0|499973|
0|499974|
0|499975|
0|499976|
0|499977|
0|499978|
0|499979|
0|499980|
0|499981|
0|499982|
0|499983|
0|499984|
0|499985|
0|499986|
0|499987|
0|499988|
0|499989|
0|499990|
0|499991|
0|499992|
0|499993|
0|499994|
0|499995|
0|499996|
0|499997|
0|499998|
0|499999|
0|500000|
0|500001|
0|500002|
0|500003|
0|500004|
0|500005|
0|500006|
0|500007|
0|500008|
0|500009|
0|500010|
0|500011|
0|500012|
0|500013|
0|500014|
0|500015|
0|500016|
0|500017|
0|500018|
