0|423187|
0|423188|
0|423189|
0|423190|
0|423191|
0|423192|
0|423193|
0|423194|
0|423195|
0|423196|
0|423197|
0|423198|
0|423199|
0|423200|
0|423202|
0|423204|
0|423205|
0|423206|
0|423207|
0|423208|
0|423209|
0|423210|
0|423211|
0|423212|
0|423213|
0|423214|
0|423215|
0|423216|
0|423217|
0|423218|
0|423219|
0|423220|
0|423221|
0|423222|
0|423223|
0|423224|
0|423225|
0|423226|
0|423227|
0|423228|
0|423229|
0|423230|
0|423231|
0|423232|
0|423233|
0|423234|
0|423235|
0|423236|
0|423237|
0|423238|
0|423239|
0|423240|
0|423241|
0|423242|
0|423243|
0|423244|
0|423245|
0|423246|
0|423247|
0|423248|
0|423249|
0|423250|
0|423251|
0|423252|
0|423253|
