0|551467|
0|551468|
0|551469|
0|551470|
0|551471|
0|551472|
0|551473|
0|551474|
0|551475|
0|551476|
0|551477|
0|551478|
0|551479|
0|551480|
0|551481|
0|551482|
0|551483|
0|551484|
0|551485|
0|551486|
0|551487|
0|551488|
0|551489|
0|551490|
0|551491|
0|551492|
0|551493|
0|551495|
0|551497|
0|551499|
0|551501|
0|551503|
0|551504|
0|551506|
0|551508|
0|551510|
0|551512|
0|551514|
0|551516|
0|551517|
0|551518|
0|551519|
0|551520|
0|551521|
0|551522|
0|551523|
0|551524|
0|551525|
0|551526|
0|551527|
0|551528|
0|551529|
0|551530|
0|551531|
0|551532|
0|551533|
0|551534|
0|551535|
0|551536|
0|551537|
0|551538|
0|551539|
0|551540|
0|551541|
0|551542|
0|551543|
0|551544|
0|551545|
0|551546|
0|551547|
0|551548|
0|551549|
0|551550|
0|551551|
0|551552|
0|551553|
0|551554|
0|551555|
0|551556|
0|551557|
0|551558|
0|551559|
0|551560|
0|551561|
0|551562|
0|551563|
0|551564|
0|551565|
0|551567|
0|551568|
0|551569|
0|551570|
0|551571|
