0|617044|
0|617045|
0|617046|
0|617047|
0|617048|
0|617049|
0|617050|
0|617051|
0|617052|
0|617053|
0|617054|
0|617055|
0|617056|
0|617057|
0|617058|
0|617059|
0|617060|
0|617061|
0|617062|
0|617063|
0|617064|
0|617065|
0|617066|
0|617067|
0|617068|
0|617069|
0|617070|
0|617071|
0|617072|
0|617073|
0|617074|
0|617075|
0|617076|
0|617077|
0|617078|
0|617079|
0|617080|
0|617081|
0|617082|
0|617083|
0|617084|
0|617085|
0|617086|
0|617087|
0|617088|
0|617089|
0|617090|
0|617091|
0|617092|
0|617093|
0|617094|
0|617095|
0|617096|
0|617097|
0|617098|
0|617099|
0|617100|
0|617101|
0|617102|
0|617103|
0|617104|
0|617105|
0|617106|
0|617107|
0|617108|
0|617109|
0|617110|
0|617111|
0|617112|
0|617113|
0|617114|
0|617115|
0|617116|
0|617117|
0|617118|
0|617119|
0|617120|
0|617121|
0|617122|
0|617123|
0|617124|
0|617125|
0|617126|
0|617127|
0|617128|
0|617129|
0|617130|
0|617131|
