0|70567|
0|70568|
0|70569|
0|70570|
0|70571|
0|70572|
0|70573|
0|70574|
0|70575|
0|70576|
0|70577|
0|70578|
0|70579|
0|70580|
0|70581|
0|70582|
0|70583|
0|70584|
0|70585|
0|70586|
0|70587|
0|70588|
0|70589|
0|70590|
0|70591|
0|70592|
0|70593|
0|70594|
0|70595|
0|70596|
0|70597|
0|70598|
0|70599|
0|70600|
0|70601|
0|70602|
0|70603|
0|70604|
0|70605|
0|70606|
0|70607|
0|70608|
0|70609|
0|70610|
0|70611|
0|70612|
0|70613|
0|70614|
0|70615|
0|70616|
0|70617|
0|70618|
0|70619|
0|70620|
0|70621|
0|70622|
0|70623|
0|70624|
0|70625|
0|70626|
0|70627|
0|70628|
