0|163760|
0|163761|
0|163762|
0|163763|
0|163764|
0|163765|
0|163766|
0|163767|
0|163768|
0|163769|
0|163770|
0|163771|
0|163772|
0|163773|
0|163774|
0|163775|
0|163776|
0|163777|
0|163778|
0|163779|
0|163780|
0|163781|
0|163782|
0|163783|
0|163784|
0|163785|
0|163786|
0|163787|
0|163788|
0|163789|
0|163790|
0|163791|
0|163792|
0|163793|
0|163794|
0|163795|
0|163796|
0|163797|
0|163798|
0|163799|
0|163800|
0|163801|
0|163802|
0|163803|
0|163804|
0|163805|
0|163806|
0|163807|
0|163808|
0|163809|
0|163810|
0|163811|
0|163812|
0|163813|
0|163814|
0|163815|
