0|460793|
0|460794|
0|460795|
0|460796|
0|460797|
0|460798|
0|460799|
0|460800|
0|460801|
0|460802|
0|460803|
0|460804|
0|460805|
0|460806|
0|460807|
0|460808|
0|460809|
0|460810|
0|460811|
0|460812|
0|460813|
0|460814|
0|460815|
0|460816|
0|460817|
0|460818|
0|460819|
0|460820|
0|460821|
0|460822|
0|460823|
0|460824|
0|460825|
0|460826|
0|460827|
0|460828|
0|460829|
0|460830|
0|460831|
0|460832|
0|460833|
0|460834|
0|460835|
0|460836|
0|460837|
0|460838|
0|460839|
0|460840|
0|460841|
0|460842|
0|460843|
0|460844|
0|460845|
