0|153370|
0|153371|
0|153372|
0|153373|
0|153374|
0|153375|
0|153376|
0|153377|
0|153378|
0|153379|
0|153380|
0|153381|
0|153382|
0|153383|
0|153384|
0|153385|
0|153386|
0|153387|
0|153388|
0|153389|
0|153391|
0|153392|
0|153393|
0|153394|
0|153395|
0|153396|
0|153397|
0|153398|
0|153399|
0|153400|
0|153401|
0|153402|
0|153403|
0|153404|
0|153405|
0|153406|
0|153407|
0|153408|
0|153409|
0|153410|
0|153411|
0|153412|
0|153413|
0|153414|
0|153415|
0|153416|
0|153417|
0|153418|
0|153419|
0|153420|
0|153421|
0|153422|
0|153423|
0|153424|
0|153425|
0|153426|
0|153427|
0|153428|
0|153429|
0|153430|
0|153431|
0|153432|
0|153433|
0|153434|
0|153435|
0|153436|
0|153437|
0|153438|
0|153439|
0|153440|
0|153441|
0|153442|
0|153443|
0|153444|
0|153445|
0|153446|
0|153447|
0|153448|
0|153449|
0|153450|
0|153451|
0|153452|
0|153453|
0|153454|
0|153455|
0|153456|
