0|424752|
0|424753|
0|424754|
0|424755|
0|424756|
0|424757|
0|424758|
0|424759|
0|424760|
0|424761|
0|424762|
0|424763|
0|424764|
0|424765|
0|424766|
0|424767|
0|424768|
0|424769|
0|424770|
0|424771|
0|424772|
0|424773|
0|424774|
0|424775|
0|424776|
0|424777|
0|424778|
0|424779|
0|424780|
0|424781|
0|424782|
0|424783|
0|424784|
0|424785|
0|424786|
0|424787|
0|424788|
0|424789|
0|424790|
0|424791|
0|424792|
0|424793|
0|424794|
0|424795|
0|424796|
0|424797|
0|424798|
0|424799|
0|424800|
0|424801|
0|424802|
0|424803|
0|424804|
0|424805|
0|424806|
0|424807|
0|424808|
0|424809|
0|424810|
