0|186905|
0|186906|
0|186907|
0|186908|
0|186909|
0|186910|
0|186911|
0|186912|
0|186913|
0|186914|
0|186915|
0|186916|
0|186917|
0|186918|
0|186919|
0|186920|
0|186921|
0|186922|
0|186923|
0|186924|
0|186925|
0|186926|
0|186927|
0|186928|
0|186929|
0|186930|
0|186931|
0|186932|
0|186933|
0|186934|
0|186935|
0|186936|
0|186937|
0|186938|
0|186939|
0|186940|
0|186941|
0|186942|
0|186943|
0|186944|
0|186945|
0|186946|
0|186947|
0|186948|
0|186949|
0|186950|
0|186951|
0|186952|
0|186953|
0|186954|
0|186955|
0|186956|
0|186957|
0|186958|
0|186959|
0|186960|
0|186961|
0|186962|
0|186963|
0|186964|
0|186965|
0|186966|
0|186967|
0|186968|
0|186969|
0|186970|
0|186971|
0|186972|
0|186973|
0|186974|
0|186975|
0|186976|
0|186977|
0|186978|
0|186979|
0|186980|
0|186981|
0|186982|
0|186983|
0|186984|
0|186985|
0|186986|
0|186987|
0|186988|
0|186989|
0|186990|
0|186991|
0|186992|
0|186993|
0|186994|
0|186995|
0|186996|
0|186997|
0|186998|
0|186999|
0|187000|
0|187001|
0|187002|
