0|109966|
0|109967|
0|109968|
0|109969|
0|109970|
0|109971|
0|109972|
0|109973|
0|109974|
0|109975|
0|109976|
0|109977|
0|109978|
0|109979|
0|109980|
0|109981|
0|109982|
0|109983|
0|109984|
0|109985|
0|109986|
0|109987|
0|109988|
0|109989|
0|109990|
0|109991|
0|109992|
0|109993|
0|109994|
0|109995|
0|109996|
0|109997|
0|109998|
0|109999|
0|110000|
0|110001|
0|110002|
0|110003|
0|110004|
0|110005|
0|110006|
0|110007|
0|110008|
0|110009|
0|110010|
0|110011|
0|110012|
0|110013|
0|110014|
0|110015|
0|110016|
0|110017|
0|110018|
0|110019|
0|110020|
0|110021|
0|110022|
0|110023|
0|110024|
0|110025|
0|110026|
0|110027|
0|110028|
0|110029|
0|110030|
0|110031|
0|110032|
0|110033|
0|110034|
0|110035|
0|110036|
0|110037|
0|110038|
0|110039|
0|110040|
0|110041|
0|110042|
0|110043|
0|110044|
0|110045|
0|110046|
0|110047|
0|110048|
0|110049|
0|110050|
0|110051|
0|110052|
0|110053|
0|110054|
0|110055|
