0|153266|
0|153267|
0|153268|
0|153269|
0|153270|
0|153271|
0|153272|
0|153273|
0|153274|
0|153275|
0|153276|
0|153277|
0|153278|
0|153279|
0|153280|
0|153281|
0|153282|
0|153283|
0|153284|
0|153285|
0|153286|
0|153287|
0|153288|
0|153289|
0|153290|
0|153291|
0|153292|
0|153293|
0|153294|
0|153295|
0|153296|
0|153297|
0|153298|
0|153299|
0|153300|
0|153301|
0|153302|
0|153303|
0|153304|
0|153305|
0|153306|
0|153307|
0|153308|
0|153309|
0|153310|
0|153311|
0|153312|
0|153313|
0|153314|
0|153315|
0|153316|
0|153317|
0|153318|
0|153319|
0|153320|
0|153321|
0|153322|
0|153323|
0|153324|
0|153325|
0|153326|
0|153327|
