0|135835|
0|135836|
0|135837|
0|135838|
0|135839|
0|135840|
0|135841|
0|135842|
0|135843|
0|135844|
0|135845|
0|135846|
0|135847|
0|135848|
0|135849|
0|135850|
0|135851|
0|135852|
0|135853|
0|135854|
0|135855|
0|135856|
0|135857|
0|135858|
0|135859|
0|135860|
0|135861|
0|135862|
0|135863|
0|135864|
0|135865|
0|135866|
0|135867|
0|135868|
0|135869|
0|135870|
0|135871|
0|135872|
0|135873|
0|135874|
0|135875|
0|135876|
0|135877|
0|135878|
0|135879|
0|135880|
0|135882|
0|135884|
0|135886|
0|135888|
0|135890|
0|135891|
