0|619589|
0|619590|
0|619591|
0|619592|
0|619593|
0|619594|
0|619595|
0|619596|
0|619597|
0|619598|
0|619599|
0|619600|
0|619601|
0|619602|
0|619603|
0|619604|
0|619605|
0|619606|
0|619607|
0|619608|
0|619609|
0|619610|
0|619611|
0|619612|
0|619613|
0|619614|
0|619615|
0|619616|
0|619617|
0|619618|
0|619619|
0|619620|
0|619621|
0|619622|
0|619623|
0|619624|
0|619625|
0|619626|
0|619627|
0|619628|
0|619629|
0|619630|
0|619631|
0|619632|
0|619633|
0|619634|
0|619635|
0|619636|
0|619637|
0|619638|
0|619639|
0|619640|
0|619641|
0|619642|
0|619644|
0|619646|
0|619648|
0|619650|
0|619652|
0|619654|
0|619656|
0|619657|
0|619658|
0|619659|
0|619660|
0|619661|
0|619662|
0|619663|
0|619664|
0|619665|
0|619666|
0|619667|
