0|487810|
0|487811|
0|487812|
0|487813|
0|487814|
0|487815|
0|487816|
0|487817|
0|487818|
0|487819|
0|487820|
0|487821|
0|487822|
0|487823|
0|487824|
0|487825|
0|487826|
0|487827|
0|487828|
0|487829|
0|487830|
0|487831|
0|487833|
0|487835|
0|487837|
0|487840|
0|487842|
0|487844|
0|487846|
0|487848|
0|487850|
0|487852|
0|487854|
0|487856|
0|487858|
0|487860|
0|487862|
0|487864|
0|487866|
0|487868|
0|487870|
0|487872|
0|487875|
0|487877|
0|487879|
0|487881|
0|487883|
0|487885|
0|487887|
0|487889|
0|487891|
0|487893|
0|487895|
0|487897|
0|487899|
0|487901|
0|487903|
0|487905|
0|487907|
0|487909|
0|487911|
