0|660625|
0|660626|
0|660627|
0|660628|
0|660629|
0|660630|
0|660631|
0|660632|
0|660633|
0|660634|
0|660635|
0|660636|
0|660637|
0|660638|
0|660639|
0|660640|
0|660641|
0|660642|
0|660643|
0|660644|
0|660645|
0|660646|
0|660647|
0|660648|
0|660649|
0|660650|
0|660651|
0|660652|
0|660653|
0|660654|
0|660655|
0|660656|
0|660657|
0|660658|
0|660659|
0|660660|
0|660661|
0|660662|
0|660663|
0|660664|
0|660665|
0|660666|
0|660667|
0|660668|
0|660669|
0|660670|
0|660671|
0|660672|
0|660673|
0|660674|
0|660675|
0|660676|
0|660677|
0|660678|
0|660679|
0|660680|
0|660681|
0|660682|
0|660683|
0|660684|
0|660685|
0|660686|
0|660687|
0|660688|
0|660689|
0|660690|
0|660691|
0|660692|
0|660693|
0|660694|
0|660695|
0|660696|
0|660697|
0|660698|
0|660699|
0|660700|
0|660701|
0|660702|
0|660703|
0|660704|
0|660705|
