0|318304|
0|318305|
0|318306|
0|318307|
0|318308|
0|318309|
0|318310|
0|318311|
0|318312|
0|318313|
0|318314|
0|318315|
0|318316|
0|318317|
0|318318|
0|318319|
0|318320|
0|318321|
0|318322|
0|318323|
0|318324|
0|318325|
0|318326|
0|318327|
0|318328|
0|318329|
0|318330|
0|318331|
0|318332|
0|318333|
0|318334|
0|318335|
0|318336|
0|318337|
0|318338|
0|318339|
0|318340|
0|318341|
0|318342|
0|318343|
0|318344|
0|318345|
0|318346|
0|318347|
0|318348|
0|318349|
0|318350|
0|318351|
0|318352|
0|318353|
