0|181885|
0|181886|
0|181887|
0|181888|
0|181889|
0|181890|
0|181891|
0|181892|
0|181893|
0|181894|
0|181895|
0|181896|
0|181897|
0|181898|
0|181899|
0|181900|
0|181901|
0|181902|
0|181903|
0|181904|
0|181905|
0|181906|
0|181907|
0|181908|
0|181909|
0|181910|
0|181911|
0|181912|
0|181913|
0|181914|
0|181915|
0|181916|
0|181917|
0|181918|
0|181919|
0|181920|
0|181921|
0|181922|
0|181923|
0|181924|
0|181925|
0|181926|
0|181927|
0|181928|
0|181929|
0|181930|
0|181931|
0|181932|
0|181933|
0|181934|
0|181935|
0|181936|
0|181937|
0|181938|
0|181939|
0|181940|
0|181941|
0|181942|
0|181943|
0|181944|
0|181945|
0|181946|
0|181947|
0|181948|
0|181949|
0|181950|
0|181951|
0|181952|
0|181953|
