0|149689|
0|149690|
0|149691|
0|149692|
0|149693|
0|149694|
0|149695|
0|149696|
0|149697|
0|149698|
0|149699|
0|149700|
0|149701|
0|149702|
0|149703|
0|149704|
0|149705|
0|149706|
0|149707|
0|149708|
0|149709|
0|149710|
0|149711|
0|149712|
0|149713|
0|149714|
0|149715|
0|149716|
0|149717|
0|149718|
0|149719|
0|149720|
0|149721|
0|149722|
0|149723|
0|149724|
0|149725|
0|149726|
0|149727|
0|149728|
0|149729|
0|149730|
0|149731|
0|149732|
0|149733|
0|149734|
0|149735|
0|149736|
0|149737|
0|149738|
0|149739|
0|149740|
0|149741|
0|149742|
0|149743|
0|149744|
0|149745|
0|149746|
0|149747|
0|149748|
0|149749|
0|149750|
0|149751|
0|149752|
0|149753|
0|149754|
0|149755|
0|149756|
0|149757|
0|149758|
0|149759|
0|149760|
0|149761|
0|149762|
0|149763|
0|149764|
0|149765|
0|149766|
0|149767|
0|149768|
0|149769|
0|149770|
0|149771|
0|149772|
0|149773|
0|149774|
0|149775|
0|149776|
0|149777|
