0|190498|
0|190499|
0|190500|
0|190501|
0|190502|
0|190503|
0|190504|
0|190505|
0|190506|
0|190507|
0|190508|
0|190509|
0|190510|
0|190511|
0|190512|
0|190513|
0|190514|
0|190515|
0|190516|
0|190517|
0|190518|
0|190519|
0|190520|
0|190521|
0|190522|
0|190524|
0|190525|
0|190526|
0|190527|
0|190528|
0|190529|
0|190530|
0|190531|
0|190532|
0|190533|
0|190534|
0|190535|
0|190536|
0|190537|
0|190538|
0|190539|
0|190540|
0|190541|
0|190542|
0|190543|
0|190544|
0|190545|
0|190546|
0|190547|
0|190548|
0|190549|
0|190551|
0|190553|
0|190556|
0|190558|
0|190559|
0|190561|
0|190562|
0|190563|
0|190564|
0|190565|
0|190566|
0|190567|
0|190568|
0|190569|
0|190570|
0|190571|
0|190572|
0|190573|
0|190574|
0|190575|
0|190576|
0|190577|
0|190578|
0|190579|
0|190580|
0|190581|
0|190582|
0|190583|
0|190584|
0|190585|
0|190586|
0|190587|
0|190588|
0|190589|
0|190590|
0|190591|
0|190592|
0|190593|
0|190594|
0|190595|
0|190596|
0|190597|
0|190598|
0|190599|
0|190600|
0|190601|
0|190602|
0|190603|
0|190604|
0|190605|
0|190606|
0|190607|
0|190608|
0|190609|
0|190610|
0|190611|
0|190612|
