0|196788|
0|196789|
0|196790|
0|196791|
0|196792|
0|196793|
0|196794|
0|196795|
0|196796|
0|196797|
0|196798|
0|196799|
0|196800|
0|196801|
0|196802|
0|196803|
0|196804|
0|196805|
0|196806|
0|196807|
0|196808|
0|196809|
0|196810|
0|196811|
0|196812|
0|196813|
0|196814|
0|196815|
0|196816|
0|196817|
0|196818|
0|196819|
0|196820|
0|196821|
0|196822|
0|196823|
0|196824|
0|196825|
0|196826|
0|196827|
0|196828|
0|196829|
0|196830|
0|196831|
0|196832|
0|196833|
0|196834|
0|196835|
0|196836|
0|196837|
0|196838|
0|196839|
0|196840|
0|196841|
0|196842|
0|196843|
0|196844|
0|196845|
0|196846|
0|196847|
0|196848|
0|196849|
0|196850|
0|196851|
0|196852|
0|196853|
0|196854|
0|196855|
0|196856|
0|196857|
0|196858|
