0|203502|
0|203503|
0|203504|
0|203505|
0|203506|
0|203507|
0|203508|
0|203509|
0|203510|
0|203511|
0|203512|
0|203513|
0|203514|
0|203515|
0|203516|
0|203517|
0|203518|
0|203519|
0|203520|
0|203521|
0|203522|
0|203523|
0|203524|
0|203525|
0|203526|
0|203527|
0|203528|
0|203529|
0|203530|
0|203531|
0|203532|
0|203533|
0|203534|
0|203535|
0|203536|
0|203537|
0|203538|
0|203539|
0|203540|
0|203541|
0|203542|
0|203543|
0|203544|
0|203545|
0|203546|
0|203547|
0|203548|
0|203549|
0|203550|
0|203551|
0|203552|
0|203553|
0|203554|
0|203555|
0|203556|
0|203557|
