0|596147|
0|596148|
0|596149|
0|596150|
0|596151|
0|596152|
0|596153|
0|596154|
0|596155|
0|596156|
0|596157|
0|596158|
0|596159|
0|596160|
0|596161|
0|596162|
0|596163|
0|596164|
0|596165|
0|596166|
0|596167|
0|596168|
0|596169|
0|596170|
0|596171|
0|596172|
0|596173|
0|596174|
0|596175|
0|596176|
0|596177|
0|596178|
0|596179|
0|596180|
0|596181|
0|596182|
0|596183|
0|596184|
0|596185|
0|596186|
0|596187|
0|596188|
0|596189|
0|596190|
0|596191|
0|596192|
0|596193|
0|596194|
0|596195|
0|596196|
0|596197|
0|596198|
0|596199|
0|596200|
0|596201|
0|596202|
0|596203|
0|596204|
0|596205|
0|596206|
0|596207|
0|596208|
0|596209|
0|596210|
0|596211|
0|596212|
0|596213|
0|596214|
0|596215|
0|596216|
0|596217|
0|596218|
0|596219|
0|596220|
0|596221|
0|596222|
0|596223|
0|596224|
0|596225|
0|596226|
0|596227|
