0|285226|
0|285227|
0|285228|
0|285229|
0|285230|
0|285231|
0|285232|
0|285233|
0|285234|
0|285235|
0|285236|
0|285237|
0|285238|
0|285239|
0|285240|
0|285241|
0|285242|
0|285243|
0|285244|
0|285245|
0|285246|
0|285247|
0|285248|
0|285249|
0|285250|
0|285251|
0|285252|
0|285253|
0|285254|
0|285255|
0|285256|
0|285257|
0|285258|
0|285259|
0|285260|
0|285261|
0|285262|
0|285263|
0|285264|
0|285265|
0|285266|
0|285267|
0|285268|
0|285269|
0|285270|
0|285271|
0|285272|
0|285273|
0|285274|
0|285275|
0|285276|
0|285277|
0|285278|
0|285279|
0|285280|
0|285281|
0|285282|
0|285283|
0|285284|
0|285285|
0|285286|
0|285287|
0|285288|
0|285289|
0|285290|
0|285291|
0|285292|
0|285293|
0|285294|
0|285295|
0|285296|
0|285297|
0|285298|
0|285299|
0|285300|
0|285301|
0|285302|
0|285303|
0|285304|
0|285305|
0|285306|
0|285307|
0|285308|
0|285309|
0|285310|
0|285311|
0|285312|
0|285313|
0|285314|
0|285315|
0|285316|
0|285317|
