0|87223|
0|87224|
0|87225|
0|87226|
0|87227|
0|87228|
0|87229|
0|87230|
0|87231|
0|87232|
0|87233|
0|87234|
0|87235|
0|87236|
0|87237|
0|87238|
0|87239|
0|87240|
0|87241|
0|87242|
0|87243|
0|87244|
0|87245|
0|87246|
0|87247|
0|87248|
0|87249|
0|87250|
0|87251|
0|87252|
0|87253|
0|87254|
0|87255|
0|87256|
0|87257|
0|87258|
0|87259|
0|87260|
0|87261|
0|87262|
0|87263|
0|87264|
0|87265|
0|87266|
0|87267|
0|87268|
0|87269|
0|87270|
0|87271|
0|87272|
0|87273|
0|87274|
0|87275|
0|87276|
0|87277|
0|87278|
0|87279|
0|87280|
0|87282|
0|87283|
0|87284|
0|87285|
0|87286|
0|87287|
0|87288|
0|87289|
0|87290|
0|87291|
0|87292|
0|87293|
0|87294|
0|87295|
0|87296|
