0|521252|
0|521253|
0|521254|
0|521255|
0|521256|
0|521257|
0|521258|
0|521259|
0|521260|
0|521261|
0|521262|
0|521263|
0|521264|
0|521265|
0|521266|
0|521267|
0|521268|
0|521269|
0|521270|
0|521271|
0|521272|
0|521273|
0|521274|
0|521275|
0|521276|
0|521277|
0|521278|
0|521279|
0|521280|
0|521281|
0|521282|
0|521283|
0|521284|
0|521285|
0|521286|
0|521287|
0|521288|
0|521289|
0|521290|
0|521291|
0|521292|
0|521293|
0|521294|
0|521295|
0|521296|
0|521297|
0|521298|
0|521299|
0|521300|
0|521301|
0|521302|
0|521303|
0|521304|
0|521305|
0|521306|
0|521307|
0|521308|
0|521309|
0|521310|
0|521311|
0|521312|
0|521313|
0|521314|
0|521315|
0|521316|
0|521317|
0|521318|
0|521319|
0|521320|
0|521321|
0|521322|
0|521323|
0|521324|
0|521325|
0|521326|
0|521327|
0|521328|
0|521329|
0|521330|
0|521331|
0|521332|
0|521333|
0|521334|
0|521335|
0|521336|
0|521337|
0|521338|
0|521339|
0|521340|
0|521341|
0|521342|
0|521343|
0|521344|
0|521345|
0|521346|
0|521347|
0|521348|
0|521349|
0|521350|
0|521351|
