0|253794|
0|253795|
0|253796|
0|253797|
0|253798|
0|253799|
0|253800|
0|253801|
0|253802|
0|253803|
0|253804|
0|253805|
0|253806|
0|253807|
0|253808|
0|253809|
0|253810|
0|253811|
0|253812|
0|253813|
0|253814|
0|253815|
0|253816|
0|253817|
0|253818|
0|253819|
0|253820|
0|253821|
0|253822|
0|253823|
0|253824|
0|253825|
0|253826|
0|253827|
0|253828|
0|253829|
0|253830|
0|253831|
0|253832|
0|253833|
0|253834|
0|253835|
0|253836|
0|253837|
0|253838|
0|253839|
0|253840|
0|253841|
0|253842|
0|253843|
0|253844|
0|253845|
0|253846|
0|253847|
0|253848|
0|253849|
0|253850|
0|253851|
0|253852|
0|253853|
0|253854|
0|253855|
0|253856|
0|253857|
0|253858|
0|253859|
0|253860|
0|253861|
0|253862|
0|253863|
0|253864|
0|253865|
0|253866|
0|253867|
0|253868|
0|253869|
0|253870|
0|253871|
0|253872|
0|253873|
0|253874|
0|253875|
0|253876|
0|253877|
0|253878|
0|253879|
0|253880|
0|253881|
0|253882|
0|253883|
0|253884|
0|253885|
0|253886|
0|253887|
0|253888|
0|253889|
0|253890|
0|253891|
0|253892|
0|253893|
0|253894|
0|253895|
0|253896|
0|253897|
0|253898|
0|253899|
0|253900|
0|253901|
0|253902|
0|253903|
0|253904|
0|253905|
