0|465769|
0|465770|
0|465771|
0|465772|
0|465773|
0|465774|
0|465775|
0|465776|
0|465777|
0|465778|
0|465779|
0|465780|
0|465781|
0|465782|
0|465783|
0|465784|
0|465785|
0|465786|
0|465787|
0|465788|
0|465789|
0|465790|
0|465791|
0|465792|
0|465793|
0|465794|
0|465795|
0|465796|
0|465797|
0|465798|
0|465799|
0|465800|
0|465801|
0|465802|
0|465803|
0|465804|
0|465805|
0|465806|
0|465807|
0|465808|
0|465809|
0|465810|
0|465811|
0|465812|
0|465813|
0|465814|
0|465815|
0|465816|
0|465817|
0|465818|
0|465819|
0|465820|
0|465821|
0|465822|
0|465823|
0|465824|
0|465825|
0|465826|
0|465827|
0|465828|
0|465829|
0|465830|
0|465831|
0|465832|
0|465833|
0|465834|
0|465835|
0|465836|
0|465837|
0|465838|
0|465839|
0|465840|
0|465841|
0|465842|
