0|603389|
0|603390|
0|603391|
0|603392|
0|603393|
0|603394|
0|603395|
0|603396|
0|603397|
0|603398|
0|603399|
0|603400|
0|603401|
0|603402|
0|603403|
0|603404|
0|603405|
0|603406|
0|603407|
0|603408|
0|603409|
0|603410|
0|603411|
0|603412|
0|603413|
0|603414|
0|603415|
0|603416|
0|603417|
0|603418|
0|603419|
0|603420|
0|603421|
0|603422|
0|603423|
0|603424|
0|603425|
0|603426|
0|603427|
0|603428|
0|603429|
0|603430|
0|603431|
0|603432|
0|603433|
0|603434|
0|603435|
0|603436|
0|603437|
0|603438|
0|603439|
0|603440|
0|603441|
0|603442|
0|603443|
0|603444|
0|603445|
0|603446|
0|603447|
0|603448|
0|603449|
0|603450|
0|603451|
0|603452|
0|603453|
0|603454|
0|603455|
