0|216469|
0|216470|
0|216471|
0|216472|
0|216473|
0|216474|
0|216475|
0|216476|
0|216477|
0|216478|
0|216479|
0|216480|
0|216481|
0|216482|
0|216483|
0|216484|
0|216485|
0|216486|
0|216487|
0|216488|
0|216489|
0|216490|
0|216491|
0|216492|
0|216493|
0|216494|
0|216495|
0|216496|
0|216497|
0|216498|
0|216499|
0|216500|
0|216501|
0|216502|
0|216503|
0|216504|
0|216505|
0|216506|
0|216507|
0|216508|
0|216509|
0|216510|
0|216511|
0|216512|
0|216513|
0|216514|
0|216515|
0|216516|
0|216517|
0|216518|
0|216519|
0|216520|
0|216521|
0|216522|
0|216523|
0|216524|
0|216525|
0|216526|
0|216527|
0|216528|
0|216529|
0|216530|
0|216531|
0|216532|
0|216533|
0|216534|
0|216535|
0|216536|
0|216537|
0|216538|
0|216539|
0|216540|
0|216541|
0|216542|
0|216543|
0|216544|
0|216545|
0|216546|
0|216547|
0|216548|
0|216549|
0|216550|
