0|407304|
0|407305|
0|407306|
0|407307|
0|407308|
0|407309|
0|407310|
0|407311|
0|407312|
0|407313|
0|407314|
0|407315|
0|407316|
0|407317|
0|407318|
0|407319|
0|407320|
0|407321|
0|407322|
0|407323|
0|407324|
0|407325|
0|407326|
0|407327|
0|407328|
0|407329|
0|407330|
0|407331|
0|407332|
0|407333|
0|407334|
0|407335|
0|407336|
0|407337|
0|407338|
0|407339|
0|407340|
0|407341|
0|407342|
0|407343|
0|407344|
0|407345|
0|407346|
0|407347|
0|407348|
0|407349|
0|407350|
0|407351|
0|407352|
0|407353|
0|407354|
0|407355|
0|407356|
0|407357|
0|407358|
0|407359|
0|407360|
0|407361|
0|407362|
0|407363|
0|407364|
0|407365|
0|407366|
0|407367|
0|407368|
0|407369|
0|407370|
0|407371|
0|407372|
0|407373|
0|407374|
0|407375|
0|407376|
0|407377|
0|407378|
0|407379|
0|407381|
0|407382|
0|407383|
0|407384|
0|407385|
0|407386|
0|407387|
0|407388|
0|407389|
0|407390|
0|407391|
