0|248970|
0|248971|
0|248972|
0|248973|
0|248974|
0|248975|
0|248976|
0|248977|
0|248978|
0|248979|
0|248980|
0|248981|
0|248982|
0|248983|
0|248984|
0|248985|
0|248986|
0|248987|
0|248988|
0|248989|
0|248990|
0|248991|
0|248992|
0|248993|
0|248994|
0|248995|
0|248996|
0|248997|
0|248998|
0|248999|
0|249000|
0|249001|
0|249002|
0|249003|
0|249004|
0|249005|
0|249006|
0|249007|
0|249008|
0|249009|
0|249010|
0|249011|
0|249012|
0|249014|
0|249016|
0|249017|
0|249018|
0|249019|
0|249020|
0|249021|
0|249022|
0|249023|
0|249024|
0|249025|
0|249026|
0|249027|
0|249028|
0|249029|
0|249030|
0|249031|
0|249032|
0|249033|
0|249034|
0|249035|
0|249036|
0|249037|
0|249038|
0|249039|
0|249040|
0|249041|
0|249042|
