0|593325|
0|593326|
0|593327|
0|593328|
0|593329|
0|593330|
0|593331|
0|593332|
0|593333|
0|593334|
0|593335|
0|593336|
0|593337|
0|593338|
0|593339|
0|593340|
0|593341|
0|593342|
0|593343|
0|593344|
0|593345|
0|593346|
0|593347|
0|593348|
0|593349|
0|593350|
0|593351|
0|593352|
0|593353|
0|593354|
0|593355|
0|593356|
0|593357|
0|593358|
0|593359|
0|593360|
0|593361|
0|593362|
0|593363|
0|593364|
0|593365|
0|593366|
0|593367|
0|593368|
0|593369|
0|593370|
0|593371|
0|593372|
0|593373|
0|593374|
0|593375|
0|593376|
0|593377|
0|593378|
0|593379|
0|593380|
0|593381|
0|593382|
0|593383|
0|593384|
0|593385|
0|593386|
0|593387|
0|593388|
0|593389|
0|593390|
0|593391|
0|593392|
0|593393|
0|593394|
0|593395|
0|593396|
0|593397|
0|593398|
0|593399|
0|593400|
0|593401|
0|593402|
0|593403|
0|593404|
0|593405|
