0|344273|
0|344274|
0|344275|
0|344276|
0|344277|
0|344278|
0|344279|
0|344280|
0|344281|
0|344282|
0|344283|
0|344284|
0|344285|
0|344286|
0|344287|
0|344288|
0|344289|
0|344290|
0|344291|
0|344292|
0|344293|
0|344294|
0|344295|
0|344296|
0|344297|
0|344298|
0|344299|
0|344300|
0|344301|
0|344302|
0|344303|
0|344304|
0|344305|
0|344306|
0|344307|
0|344308|
0|344309|
0|344310|
0|344311|
0|344312|
0|344313|
0|344314|
0|344315|
0|344316|
0|344317|
0|344318|
0|344319|
0|344320|
0|344321|
0|344322|
0|344323|
0|344324|
0|344325|
0|344326|
0|344327|
0|344328|
0|344329|
0|344330|
0|344331|
0|344332|
0|344333|
0|344334|
0|344335|
0|344336|
0|344337|
0|344338|
