0|256919|
0|256920|
0|256921|
0|256922|
0|256923|
0|256924|
0|256925|
0|256926|
0|256927|
0|256928|
0|256929|
0|256930|
0|256931|
0|256932|
0|256933|
0|256934|
0|256935|
0|256936|
0|256937|
0|256938|
0|256939|
0|256940|
0|256941|
0|256942|
0|256943|
0|256944|
0|256945|
0|256946|
0|256947|
0|256948|
0|256949|
0|256950|
0|256951|
0|256952|
0|256953|
0|256954|
0|256955|
0|256956|
0|256957|
0|256958|
0|256959|
0|256960|
0|256961|
0|256962|
0|256963|
0|256964|
0|256965|
0|256966|
0|256967|
0|256968|
0|256969|
0|256970|
0|256971|
