0|11835|
0|11836|
0|11837|
0|11838|
0|11839|
0|11840|
0|11841|
0|11842|
0|11843|
0|11844|
0|11845|
0|11846|
0|11847|
0|11848|
0|11849|
0|11850|
0|11851|
0|11852|
0|11853|
0|11854|
0|11855|
0|11856|
0|11857|
0|11858|
0|11859|
0|11860|
0|11861|
0|11862|
0|11863|
0|11864|
0|11865|
0|11866|
0|11867|
0|11868|
0|11869|
0|11870|
0|11871|
0|11872|
0|11873|
0|11874|
0|11875|
0|11876|
0|11877|
0|11878|
0|11879|
0|11880|
0|11881|
0|11882|
0|11883|
0|11884|
0|11885|
0|11886|
0|11887|
0|11888|
0|11889|
0|11890|
0|11891|
0|11892|
0|11893|
0|11894|
0|11895|
0|11896|
0|11897|
0|11898|
0|11899|
0|11900|
0|11901|
0|11902|
0|11903|
0|11904|
0|11905|
0|11906|
0|11907|
0|11908|
0|11909|
0|11910|
0|11911|
0|11912|
0|11913|
0|11914|
0|11915|
0|11916|
0|11917|
0|11918|
