0|282886|
0|282887|
0|282888|
0|282889|
0|282890|
0|282891|
0|282892|
0|282893|
0|282894|
0|282895|
0|282896|
0|282897|
0|282898|
0|282899|
0|282900|
0|282901|
0|282902|
0|282903|
0|282904|
0|282905|
0|282906|
0|282907|
0|282908|
0|282909|
0|282910|
0|282911|
0|282912|
0|282913|
0|282914|
0|282915|
0|282916|
0|282917|
0|282918|
0|282919|
0|282920|
0|282921|
0|282922|
0|282923|
0|282924|
0|282925|
0|282926|
0|282927|
0|282928|
0|282929|
0|282930|
0|282931|
0|282932|
0|282933|
0|282934|
0|282935|
0|282936|
0|282937|
0|282938|
0|282939|
0|282940|
0|282941|
0|282942|
0|282943|
0|282944|
0|282945|
0|282946|
0|282947|
0|282948|
0|282949|
0|282950|
0|282951|
0|282952|
0|282953|
0|282954|
0|282955|
0|282956|
0|282957|
0|282958|
0|282959|
0|282960|
0|282961|
0|282962|
0|282963|
0|282964|
0|282965|
0|282966|
0|282967|
0|282968|
0|282969|
0|282970|
