0|502490|
0|502491|
0|502492|
0|502493|
0|502494|
0|502495|
0|502496|
0|502497|
0|502498|
0|502499|
0|502500|
0|502501|
0|502502|
0|502503|
0|502504|
0|502505|
0|502506|
0|502507|
0|502508|
0|502509|
0|502510|
0|502511|
0|502512|
0|502513|
0|502514|
0|502515|
0|502516|
0|502517|
0|502518|
0|502520|
0|502522|
0|502523|
0|502525|
0|502527|
0|502529|
0|502531|
0|502533|
0|502534|
0|502535|
0|502536|
0|502537|
0|502539|
0|502540|
0|502541|
0|502542|
0|502543|
0|502544|
0|502545|
0|502546|
0|502547|
0|502548|
0|502549|
0|502550|
0|502551|
0|502552|
0|502553|
0|502554|
0|502555|
0|502556|
0|502557|
0|502558|
0|502559|
0|502560|
0|502561|
0|502562|
0|502563|
0|502564|
0|502565|
0|502566|
0|502567|
0|502568|
0|502569|
0|502570|
0|502571|
0|502572|
0|502573|
0|502574|
0|502575|
0|502576|
0|502577|
0|502578|
0|502579|
0|502580|
0|502581|
0|502582|
0|502583|
0|502584|
0|502585|
0|502586|
0|502587|
0|502588|
0|502589|
0|502590|
0|502591|
0|502592|
0|502593|
0|502594|
0|502595|
0|502596|
0|502597|
0|502598|
0|502599|
0|502600|
0|502601|
0|502602|
0|502603|
0|502604|
0|502605|
0|502606|
0|502607|
0|502608|
