0|421884|
0|421885|
0|421886|
0|421887|
0|421888|
0|421889|
0|421890|
0|421891|
0|421892|
0|421893|
0|421894|
0|421895|
0|421896|
0|421897|
0|421898|
0|421899|
0|421900|
0|421901|
0|421902|
0|421903|
0|421904|
0|421905|
0|421906|
0|421907|
0|421908|
0|421909|
0|421910|
0|421911|
0|421912|
0|421913|
0|421914|
0|421915|
0|421916|
0|421917|
0|421918|
0|421919|
0|421920|
0|421921|
0|421922|
0|421923|
0|421924|
0|421925|
0|421926|
0|421927|
0|421928|
0|421929|
0|421930|
0|421931|
0|421932|
0|421933|
0|421934|
