0|658845|
0|658846|
0|658847|
0|658848|
0|658850|
0|658852|
0|658854|
0|658856|
0|658858|
0|658860|
0|658861|
0|658862|
0|658863|
0|658864|
0|658865|
0|658866|
0|658867|
0|658868|
0|658869|
0|658870|
0|658871|
0|658872|
0|658873|
0|658874|
0|658875|
0|658876|
0|658877|
0|658878|
0|658879|
0|658880|
0|658881|
0|658882|
0|658883|
0|658884|
0|658885|
0|658886|
0|658887|
0|658888|
0|658889|
0|658890|
0|658891|
0|658892|
0|658893|
0|658894|
0|658895|
0|658896|
0|658897|
0|658898|
0|658899|
0|658901|
0|658903|
0|658904|
0|658905|
0|658906|
0|658907|
0|658908|
0|658909|
0|658910|
0|658911|
0|658912|
0|658913|
0|658914|
0|658915|
0|658916|
0|658917|
0|658918|
0|658919|
0|658920|
0|658921|
0|658922|
0|658923|
0|658924|
0|658925|
0|658926|
0|658927|
0|658928|
0|658929|
0|658930|
0|658931|
0|658932|
0|658933|
