0|507169|
0|507170|
0|507171|
0|507172|
0|507173|
0|507174|
0|507175|
0|507176|
0|507177|
0|507178|
0|507179|
0|507180|
0|507181|
0|507182|
0|507183|
0|507184|
0|507185|
0|507186|
0|507187|
0|507188|
0|507189|
0|507190|
0|507191|
0|507192|
0|507193|
0|507194|
0|507195|
0|507196|
0|507197|
0|507198|
0|507199|
0|507200|
0|507201|
0|507202|
0|507203|
0|507204|
0|507205|
0|507206|
0|507207|
0|507208|
0|507209|
0|507210|
0|507211|
0|507212|
0|507213|
0|507214|
0|507215|
0|507216|
0|507217|
0|507218|
0|507219|
0|507220|
0|507221|
0|507222|
0|507223|
0|507224|
0|507225|
0|507226|
0|507227|
0|507228|
0|507229|
0|507230|
