0|448369|
0|448370|
0|448371|
0|448372|
0|448373|
0|448374|
0|448375|
0|448376|
0|448377|
0|448378|
0|448379|
0|448380|
0|448381|
0|448382|
0|448383|
0|448384|
0|448385|
0|448386|
0|448387|
0|448388|
0|448389|
0|448390|
0|448391|
0|448392|
0|448393|
0|448394|
0|448395|
0|448396|
0|448397|
0|448398|
0|448399|
0|448400|
0|448401|
0|448402|
0|448403|
0|448404|
0|448405|
0|448406|
0|448407|
0|448408|
0|448409|
0|448410|
0|448411|
0|448412|
0|448413|
0|448414|
0|448415|
0|448416|
0|448417|
0|448418|
0|448419|
0|448420|
0|448421|
0|448422|
0|448423|
0|448424|
0|448425|
0|448426|
0|448427|
