0|232015|
0|232016|
0|232017|
0|232018|
0|232019|
0|232020|
0|232021|
0|232022|
0|232023|
0|232024|
0|232025|
0|232026|
0|232027|
0|232028|
0|232029|
0|232030|
0|232031|
0|232032|
0|232033|
0|232034|
0|232035|
0|232036|
0|232037|
0|232038|
0|232039|
0|232040|
0|232041|
0|232042|
0|232043|
0|232044|
0|232045|
0|232046|
0|232047|
0|232048|
0|232049|
0|232050|
0|232051|
0|232052|
0|232053|
0|232054|
0|232055|
0|232056|
0|232057|
0|232058|
0|232059|
0|232060|
0|232061|
0|232062|
0|232063|
0|232064|
0|232065|
0|232066|
0|232067|
0|232068|
