0|333613|
0|333614|
0|333615|
0|333616|
0|333617|
0|333618|
0|333619|
0|333620|
0|333621|
0|333622|
0|333623|
0|333624|
0|333625|
0|333626|
0|333627|
0|333628|
0|333629|
0|333630|
0|333631|
0|333632|
0|333633|
0|333634|
0|333635|
0|333636|
0|333637|
0|333638|
0|333639|
0|333640|
0|333641|
0|333642|
0|333643|
0|333644|
0|333645|
0|333646|
0|333647|
0|333648|
0|333649|
0|333650|
0|333651|
0|333652|
0|333653|
0|333654|
0|333655|
0|333656|
0|333657|
0|333658|
0|333659|
0|333660|
0|333661|
0|333662|
0|333663|
0|333664|
0|333665|
0|333666|
0|333667|
0|333668|
0|333669|
0|333670|
0|333671|
0|333672|
0|333673|
0|333674|
0|333675|
0|333676|
0|333677|
0|333678|
0|333679|
0|333680|
0|333681|
0|333682|
0|333683|
