0|433136|
0|433137|
0|433138|
0|433139|
0|433140|
0|433141|
0|433142|
0|433143|
0|433144|
0|433145|
0|433146|
0|433147|
0|433148|
0|433149|
0|433150|
0|433151|
0|433152|
0|433153|
0|433154|
0|433155|
0|433156|
0|433157|
0|433158|
0|433159|
0|433160|
0|433161|
0|433162|
0|433163|
0|433164|
0|433165|
0|433166|
0|433167|
0|433168|
0|433169|
0|433170|
0|433171|
0|433172|
0|433173|
0|433174|
0|433175|
0|433176|
0|433177|
0|433178|
0|433179|
0|433180|
0|433181|
0|433182|
0|433183|
0|433184|
0|433185|
0|433186|
0|433187|
0|433188|
0|433189|
0|433190|
0|433191|
0|433192|
0|433193|
0|433194|
0|433195|
0|433196|
0|433197|
0|433198|
0|433199|
0|433200|
0|433201|
0|433202|
0|433203|
0|433204|
0|433205|
0|433206|
0|433207|
