0|348740|
0|348741|
0|348742|
0|348743|
0|348744|
0|348745|
0|348746|
0|348747|
0|348748|
0|348749|
0|348750|
0|348751|
0|348752|
0|348753|
0|348754|
0|348755|
0|348756|
0|348757|
0|348759|
0|348761|
0|348763|
0|348765|
0|348767|
0|348769|
0|348771|
0|348773|
0|348775|
0|348777|
0|348779|
0|348781|
0|348783|
0|348785|
0|348787|
0|348790|
0|348793|
0|348796|
0|348799|
0|348802|
0|348806|
0|348810|
0|348813|
0|348815|
0|348817|
0|348819|
0|348821|
0|348823|
0|348825|
0|348827|
0|348829|
0|348831|
0|348833|
0|348835|
0|348837|
0|348839|
0|348841|
0|348843|
0|348845|
0|348847|
