0|714197|
0|714198|
0|714199|
0|714200|
0|714201|
0|714202|
0|714203|
0|714204|
0|714205|
0|714206|
0|714207|
0|714208|
0|714209|
0|714210|
0|714211|
0|714212|
0|714213|
0|714214|
0|714215|
0|714216|
0|714217|
0|714218|
0|714219|
0|714220|
0|714221|
0|714222|
0|714223|
0|714224|
0|714225|
0|714226|
0|714227|
0|714228|
0|714229|
0|714230|
0|714231|
0|714232|
0|714233|
0|714234|
0|714235|
0|714236|
0|714237|
0|714238|
0|714239|
0|714240|
0|714241|
0|714242|
0|714243|
0|714244|
0|714245|
0|714246|
0|714247|
0|714248|
0|714249|
0|714250|
0|714251|
0|714252|
0|714253|
0|714254|
0|714255|
0|714256|
0|714257|
0|714258|
0|714259|
0|714260|
0|714261|
0|714262|
0|714263|
0|714264|
0|714265|
0|714266|
0|714267|
0|714268|
0|714269|
0|714270|
0|714271|
0|714272|
0|714273|
0|714274|
0|714275|
0|714276|
0|714277|
0|714278|
0|714279|
0|714280|
0|714281|
0|714282|
0|714283|
0|714284|
0|714285|
