0|421941|
0|421942|
0|421943|
0|421944|
0|421945|
0|421946|
0|421947|
0|421948|
0|421949|
0|421950|
0|421951|
0|421952|
0|421953|
0|421954|
0|421955|
0|421956|
0|421957|
0|421958|
0|421959|
0|421960|
0|421961|
0|421962|
0|421963|
0|421964|
0|421965|
0|421966|
0|421967|
0|421968|
0|421969|
0|421970|
0|421971|
0|421972|
0|421973|
0|421974|
0|421975|
0|421976|
0|421977|
0|421978|
0|421979|
0|421980|
0|421981|
0|421982|
0|421983|
0|421984|
0|421985|
0|421986|
0|421987|
0|421988|
0|421989|
0|421990|
0|421991|
0|421992|
0|421993|
0|421994|
0|421995|
0|421996|
0|421997|
0|421998|
0|421999|
0|422000|
0|422001|
0|422002|
0|422003|
0|422004|
0|422005|
0|422006|
0|422007|
0|422008|
0|422009|
0|422010|
0|422011|
0|422012|
0|422013|
0|422014|
0|422015|
0|422016|
0|422017|
