0|448294|
0|448295|
0|448296|
0|448297|
0|448298|
0|448299|
0|448300|
0|448301|
0|448302|
0|448303|
0|448304|
0|448305|
0|448306|
0|448307|
0|448308|
0|448309|
0|448310|
0|448311|
0|448312|
0|448313|
0|448314|
0|448315|
0|448316|
0|448317|
0|448318|
0|448319|
0|448320|
0|448321|
0|448322|
0|448323|
0|448324|
0|448325|
0|448326|
0|448327|
0|448328|
0|448329|
0|448330|
0|448331|
0|448332|
0|448333|
0|448334|
0|448335|
0|448336|
0|448337|
0|448338|
0|448339|
0|448340|
0|448341|
0|448342|
0|448343|
0|448344|
0|448345|
