0|286403|
0|286404|
0|286405|
0|286406|
0|286407|
0|286408|
0|286409|
0|286410|
0|286411|
0|286412|
0|286413|
0|286414|
0|286415|
0|286416|
0|286417|
0|286418|
0|286419|
0|286420|
0|286421|
0|286422|
0|286423|
0|286424|
0|286425|
0|286426|
0|286427|
0|286428|
0|286429|
0|286430|
0|286431|
0|286432|
0|286433|
0|286434|
0|286435|
0|286436|
0|286437|
0|286438|
0|286439|
0|286440|
0|286441|
0|286442|
0|286443|
0|286444|
0|286445|
0|286446|
0|286447|
0|286448|
0|286449|
0|286450|
0|286451|
0|286452|
0|286453|
0|286454|
0|286455|
