0|699299|
0|699300|
0|699301|
0|699302|
0|699303|
0|699304|
0|699305|
0|699306|
0|699307|
0|699308|
0|699309|
0|699310|
0|699311|
0|699312|
0|699313|
0|699314|
0|699315|
0|699316|
0|699317|
0|699318|
0|699319|
0|699320|
0|699321|
0|699322|
0|699323|
0|699324|
0|699325|
0|699326|
0|699327|
0|699328|
0|699329|
0|699330|
0|699331|
0|699332|
0|699333|
0|699334|
0|699335|
0|699336|
0|699337|
0|699338|
0|699339|
0|699340|
0|699341|
0|699342|
0|699343|
0|699344|
0|699345|
0|699346|
0|699347|
0|699348|
0|699349|
0|699350|
0|699351|
0|699352|
0|699353|
0|699354|
0|699355|
0|699356|
0|699357|
0|699358|
0|699359|
0|699360|
0|699361|
0|699362|
0|699363|
0|699364|
0|699365|
0|699366|
0|699367|
0|699368|
0|699369|
0|699370|
0|699371|
0|699372|
0|699373|
0|699374|
0|699375|
0|699376|
0|699377|
0|699378|
0|699379|
0|699380|
