0|592815|
0|592816|
0|592817|
0|592818|
0|592819|
0|592820|
0|592821|
0|592822|
0|592823|
0|592824|
0|592825|
0|592826|
0|592827|
0|592828|
0|592829|
0|592830|
0|592831|
0|592832|
0|592833|
0|592834|
0|592835|
0|592836|
0|592837|
0|592838|
0|592839|
0|592840|
0|592841|
0|592842|
0|592843|
0|592844|
0|592845|
0|592846|
0|592847|
0|592848|
0|592849|
0|592850|
0|592851|
0|592853|
0|592855|
0|592856|
0|592857|
0|592858|
0|592859|
0|592860|
0|592861|
0|592862|
0|592863|
0|592864|
0|592865|
0|592866|
0|592867|
0|592868|
0|592869|
0|592870|
0|592871|
0|592872|
0|592873|
0|592874|
0|592875|
0|592876|
0|592877|
