0|698640|
0|698641|
0|698642|
0|698643|
0|698644|
0|698645|
0|698646|
0|698647|
0|698648|
0|698649|
0|698650|
0|698651|
0|698652|
0|698653|
0|698654|
0|698655|
0|698656|
0|698657|
0|698658|
0|698659|
0|698660|
0|698661|
0|698662|
0|698663|
0|698664|
0|698665|
0|698666|
0|698667|
0|698668|
0|698669|
0|698670|
0|698671|
0|698672|
0|698673|
0|698674|
0|698675|
0|698676|
0|698677|
0|698678|
0|698679|
0|698680|
0|698681|
0|698682|
0|698683|
0|698684|
0|698685|
0|698686|
0|698687|
0|698688|
0|698689|
0|698690|
0|698691|
0|698692|
0|698693|
0|698694|
0|698695|
0|698696|
0|698697|
0|698698|
0|698699|
0|698700|
0|698701|
0|698703|
0|698705|
0|698706|
0|698707|
0|698708|
0|698709|
0|698710|
