0|350298|
0|350299|
0|350300|
0|350301|
0|350302|
0|350303|
0|350304|
0|350305|
0|350306|
0|350307|
0|350308|
0|350309|
0|350310|
0|350311|
0|350312|
0|350313|
0|350314|
0|350315|
0|350316|
0|350317|
0|350318|
0|350319|
0|350320|
0|350321|
0|350322|
0|350323|
0|350324|
0|350325|
0|350326|
0|350327|
0|350328|
0|350329|
0|350330|
0|350331|
0|350332|
0|350333|
0|350334|
0|350335|
0|350336|
0|350337|
0|350338|
0|350339|
0|350340|
0|350341|
0|350342|
0|350343|
0|350344|
0|350345|
0|350346|
0|350347|
0|350348|
0|350349|
0|350350|
0|350351|
0|350352|
0|350353|
0|350354|
0|350355|
0|350356|
0|350357|
0|350358|
0|350359|
0|350360|
0|350361|
0|350362|
0|350363|
0|350364|
0|350365|
0|350366|
0|350367|
0|350368|
0|350369|
0|350370|
0|350371|
0|350372|
0|350373|
0|350374|
0|350375|
0|350376|
0|350377|
0|350378|
0|350379|
0|350380|
0|350381|
0|350382|
0|350383|
0|350384|
0|350385|
0|350386|
0|350387|
0|350388|
0|350389|
0|350390|
0|350391|
0|350392|
0|350393|
0|350394|
0|350395|
0|350396|
0|350397|
