0|168670|
0|168671|
0|168672|
0|168673|
0|168674|
0|168675|
0|168676|
0|168677|
0|168678|
0|168679|
0|168680|
0|168681|
0|168682|
0|168684|
0|168686|
0|168688|
0|168690|
0|168691|
0|168692|
0|168693|
0|168694|
0|168695|
0|168696|
0|168697|
0|168698|
0|168699|
0|168700|
0|168701|
0|168702|
0|168703|
0|168704|
0|168705|
0|168706|
0|168707|
0|168708|
0|168709|
0|168710|
0|168711|
0|168712|
0|168713|
0|168714|
0|168715|
0|168716|
0|168717|
0|168718|
0|168719|
0|168720|
0|168721|
0|168722|
0|168723|
0|168724|
0|168725|
