0|225695|
0|225696|
0|225697|
0|225698|
0|225699|
0|225700|
0|225701|
0|225702|
0|225703|
0|225704|
0|225705|
0|225706|
0|225707|
0|225708|
0|225709|
0|225710|
0|225711|
0|225712|
0|225713|
0|225714|
0|225715|
0|225716|
0|225717|
0|225718|
0|225719|
0|225720|
0|225721|
0|225722|
0|225723|
0|225724|
0|225725|
0|225726|
0|225727|
0|225728|
0|225729|
0|225730|
0|225731|
0|225732|
0|225733|
0|225734|
0|225735|
0|225736|
0|225737|
0|225738|
0|225739|
0|225740|
0|225741|
0|225742|
0|225743|
0|225744|
0|225745|
0|225746|
0|225747|
0|225748|
0|225749|
0|225750|
0|225751|
0|225752|
0|225753|
0|225754|
0|225755|
0|225756|
0|225757|
0|225758|
0|225759|
0|225760|
0|225761|
0|225762|
0|225763|
0|225764|
0|225765|
0|225766|
0|225767|
0|225768|
0|225769|
0|225770|
0|225771|
0|225772|
0|225773|
0|225774|
0|225775|
0|225776|
0|225777|
0|225778|
0|225779|
0|225780|
0|225781|
0|225782|
0|225783|
0|225784|
0|225785|
0|225786|
0|225787|
0|225788|
0|225789|
0|225790|
0|225791|
0|225792|
0|225793|
