0|207126|
0|207127|
0|207128|
0|207129|
0|207130|
0|207131|
0|207132|
0|207133|
0|207134|
0|207135|
0|207136|
0|207137|
0|207138|
0|207139|
0|207140|
0|207141|
0|207142|
0|207143|
0|207144|
0|207145|
0|207146|
0|207147|
0|207148|
0|207149|
0|207150|
0|207151|
0|207152|
0|207153|
0|207154|
0|207155|
0|207156|
0|207157|
0|207158|
0|207159|
0|207160|
0|207161|
0|207162|
0|207163|
0|207164|
0|207165|
0|207166|
0|207167|
0|207168|
0|207169|
0|207170|
0|207171|
0|207172|
0|207173|
0|207174|
0|207175|
