0|235726|
0|235727|
0|235728|
0|235729|
0|235730|
0|235731|
0|235732|
0|235733|
0|235734|
0|235735|
0|235736|
0|235737|
0|235738|
0|235739|
0|235740|
0|235741|
0|235742|
0|235743|
0|235744|
0|235745|
0|235746|
0|235747|
0|235748|
0|235749|
0|235750|
0|235751|
0|235752|
0|235753|
0|235754|
0|235755|
0|235756|
0|235757|
0|235758|
0|235759|
0|235760|
0|235761|
0|235762|
0|235763|
0|235764|
0|235765|
0|235766|
0|235767|
0|235768|
0|235769|
0|235770|
0|235771|
0|235772|
0|235773|
0|235774|
0|235775|
0|235776|
0|235777|
0|235778|
0|235780|
0|235782|
0|235784|
0|235786|
0|235788|
0|235790|
0|235791|
0|235792|
0|235793|
0|235794|
0|235795|
0|235796|
0|235797|
0|235798|
0|235799|
0|235800|
0|235801|
0|235802|
0|235803|
0|235804|
0|235805|
0|235806|
0|235807|
0|235808|
0|235809|
0|235810|
0|235811|
0|235812|
0|235813|
0|235814|
0|235815|
0|235816|
0|235817|
0|235818|
0|235819|
0|235820|
0|235821|
0|235822|
0|235823|
0|235824|
0|235825|
0|235826|
0|235827|
0|235828|
0|235829|
0|235830|
0|235831|
0|235832|
