0|655423|
0|655424|
0|655425|
0|655426|
0|655427|
0|655428|
0|655429|
0|655430|
0|655431|
0|655432|
0|655433|
0|655434|
0|655435|
0|655436|
0|655437|
0|655438|
0|655439|
0|655440|
0|655441|
0|655442|
0|655443|
0|655444|
0|655445|
0|655446|
0|655447|
0|655448|
0|655449|
0|655450|
0|655451|
0|655452|
0|655453|
0|655454|
0|655455|
0|655456|
0|655457|
0|655458|
0|655460|
0|655461|
0|655462|
0|655463|
0|655464|
0|655465|
0|655466|
0|655467|
0|655469|
0|655471|
0|655473|
0|655475|
0|655477|
0|655479|
0|655481|
0|655483|
0|655485|
0|655487|
0|655489|
0|655491|
0|655493|
0|655495|
0|655497|
0|655499|
0|655501|
0|655503|
0|655505|
0|655507|
0|655509|
0|655511|
0|655513|
0|655515|
0|655517|
0|655519|
0|655521|
0|655523|
0|655525|
0|655527|
0|655529|
0|655531|
0|655533|
0|655535|
0|655537|
0|655539|
0|655541|
0|655543|
0|655545|
0|655547|
0|655549|
