0|98508|
0|98509|
0|98510|
0|98511|
0|98512|
0|98513|
0|98514|
0|98515|
0|98516|
0|98517|
0|98518|
0|98519|
0|98520|
0|98521|
0|98522|
0|98523|
0|98524|
0|98525|
0|98526|
0|98527|
0|98528|
0|98529|
0|98530|
0|98531|
0|98532|
0|98533|
0|98534|
0|98535|
0|98536|
0|98537|
0|98538|
0|98539|
0|98540|
0|98541|
0|98542|
0|98543|
0|98544|
0|98545|
0|98546|
0|98547|
0|98548|
0|98549|
0|98550|
0|98551|
0|98552|
0|98553|
0|98554|
0|98555|
0|98556|
0|98557|
0|98558|
0|98559|
0|98560|
0|98561|
0|98562|
0|98563|
0|98564|
0|98565|
0|98566|
0|98567|
0|98568|
0|98569|
0|98570|
0|98571|
0|98572|
0|98573|
0|98574|
0|98575|
0|98576|
0|98577|
0|98578|
0|98579|
0|98580|
0|98581|
0|98582|
0|98583|
0|98584|
0|98585|
0|98586|
0|98587|
0|98588|
0|98589|
0|98590|
0|98591|
0|98592|
0|98593|
0|98594|
0|98595|
0|98596|
0|98597|
0|98598|
0|98599|
0|98600|
0|98601|
0|98602|
0|98603|
0|98604|
0|98605|
0|98606|
