0|579290|
0|579291|
0|579292|
0|579293|
0|579294|
0|579295|
0|579296|
0|579297|
0|579298|
0|579299|
0|579300|
0|579301|
0|579302|
0|579303|
0|579304|
0|579305|
0|579306|
0|579307|
0|579308|
0|579309|
0|579310|
0|579311|
0|579312|
0|579313|
0|579314|
0|579315|
0|579316|
0|579317|
0|579318|
0|579319|
0|579320|
0|579321|
0|579322|
0|579323|
0|579324|
0|579325|
0|579326|
0|579327|
0|579328|
0|579329|
0|579330|
0|579331|
0|579332|
0|579333|
0|579334|
0|579335|
0|579336|
0|579337|
0|579338|
0|579339|
0|579340|
0|579341|
0|579342|
0|579343|
0|579344|
0|579345|
0|579346|
0|579347|
0|579348|
0|579349|
0|579350|
0|579351|
0|579352|
0|579353|
0|579354|
0|579355|
0|579356|
0|579357|
0|579358|
0|579359|
0|579360|
0|579361|
0|579362|
0|579363|
0|579364|
0|579365|
0|579366|
0|579367|
0|579368|
0|579369|
0|579370|
0|579371|
0|579372|
0|579373|
0|579374|
0|579375|
0|579376|
0|579377|
0|579378|
0|579379|
0|579380|
0|579381|
0|579382|
0|579383|
0|579384|
0|579385|
0|579386|
0|579387|
0|579388|
0|579389|
