0|195866|
0|195867|
0|195868|
0|195869|
0|195870|
0|195871|
0|195872|
0|195873|
0|195874|
0|195875|
0|195876|
0|195877|
0|195878|
0|195879|
0|195880|
0|195881|
0|195882|
0|195883|
0|195884|
0|195885|
0|195886|
0|195887|
0|195888|
0|195889|
0|195890|
0|195891|
0|195892|
0|195893|
0|195894|
0|195895|
0|195896|
0|195897|
0|195898|
0|195899|
0|195900|
0|195901|
0|195902|
0|195903|
0|195904|
0|195905|
0|195906|
0|195907|
0|195908|
0|195909|
0|195910|
0|195911|
0|195912|
0|195913|
0|195914|
0|195915|
0|195916|
0|195917|
0|195918|
0|195919|
0|195920|
0|195921|
0|195922|
0|195923|
0|195924|
0|195925|
0|195926|
0|195927|
0|195928|
0|195929|
0|195930|
0|195931|
0|195932|
0|195933|
0|195934|
0|195935|
0|195936|
0|195937|
0|195938|
0|195939|
0|195940|
0|195941|
0|195942|
0|195943|
0|195944|
0|195945|
0|195947|
0|195948|
0|195949|
0|195950|
0|195951|
0|195952|
0|195953|
0|195954|
0|195955|
0|195956|
0|195957|
0|195958|
0|195959|
0|195960|
0|195961|
0|195962|
0|195963|
0|195964|
0|195965|
0|195966|
