0|199358|
0|199360|
0|199362|
0|199363|
0|199364|
0|199365|
0|199366|
0|199367|
0|199368|
0|199369|
0|199370|
0|199371|
0|199372|
0|199373|
0|199374|
0|199375|
0|199376|
0|199377|
0|199378|
0|199379|
0|199380|
0|199381|
0|199382|
0|199383|
0|199384|
0|199385|
0|199386|
0|199387|
0|199388|
0|199389|
0|199390|
0|199391|
0|199392|
0|199393|
0|199394|
0|199395|
0|199396|
0|199397|
0|199398|
0|199399|
0|199400|
0|199401|
0|199402|
0|199403|
0|199404|
0|199405|
0|199406|
0|199407|
0|199408|
0|199409|
0|199410|
