0|370644|
0|370645|
0|370646|
0|370647|
0|370648|
0|370649|
0|370650|
0|370651|
0|370652|
0|370653|
0|370654|
0|370655|
0|370656|
0|370657|
0|370658|
0|370659|
0|370660|
0|370661|
0|370662|
0|370663|
0|370664|
0|370665|
0|370666|
0|370667|
0|370668|
0|370669|
0|370670|
0|370671|
0|370672|
0|370673|
0|370674|
0|370675|
0|370676|
0|370677|
0|370678|
0|370679|
0|370680|
0|370681|
0|370682|
0|370683|
0|370684|
0|370685|
0|370686|
0|370687|
0|370688|
0|370689|
0|370690|
0|370691|
0|370692|
0|370693|
0|370695|
0|370696|
0|370697|
0|370698|
0|370699|
0|370700|
0|370701|
0|370702|
0|370703|
0|370704|
0|370705|
0|370706|
0|370707|
0|370708|
0|370709|
0|370710|
0|370711|
0|370712|
0|370713|
0|370714|
0|370715|
0|370716|
0|370717|
0|370718|
0|370719|
0|370720|
0|370721|
0|370722|
0|370723|
0|370724|
0|370725|
0|370726|
0|370727|
0|370728|
0|370729|
