0|270684|
0|270685|
0|270686|
0|270687|
0|270688|
0|270689|
0|270690|
0|270691|
0|270692|
0|270693|
0|270694|
0|270695|
0|270696|
0|270697|
0|270698|
0|270699|
0|270700|
0|270701|
0|270702|
0|270703|
0|270704|
0|270705|
0|270706|
0|270707|
0|270708|
0|270709|
0|270710|
0|270711|
0|270712|
0|270713|
0|270714|
0|270715|
0|270716|
0|270717|
0|270718|
0|270719|
0|270720|
0|270721|
0|270722|
0|270723|
0|270724|
0|270725|
0|270726|
0|270727|
0|270728|
0|270729|
0|270730|
0|270731|
0|270732|
0|270733|
0|270734|
0|270735|
0|270736|
0|270737|
0|270738|
0|270739|
0|270740|
0|270741|
0|270742|
0|270743|
0|270744|
0|270745|
0|270746|
0|270747|
0|270748|
0|270749|
0|270750|
0|270751|
0|270752|
0|270753|
0|270754|
0|270755|
0|270756|
0|270757|
0|270758|
0|270759|
0|270760|
0|270761|
0|270762|
0|270763|
0|270764|
0|270765|
0|270766|
0|270767|
0|270768|
0|270769|
0|270770|
0|270771|
0|270772|
0|270773|
0|270774|
0|270775|
0|270776|
0|270777|
0|270778|
0|270779|
0|270780|
0|270781|
0|270782|
0|270783|
