0|257726|
0|257727|
0|257728|
0|257729|
0|257730|
0|257731|
0|257732|
0|257733|
0|257734|
0|257735|
0|257736|
0|257737|
0|257738|
0|257739|
0|257740|
0|257741|
0|257742|
0|257743|
0|257744|
0|257745|
0|257746|
0|257747|
0|257748|
0|257749|
0|257750|
0|257751|
0|257752|
0|257753|
0|257754|
0|257755|
0|257756|
0|257757|
0|257758|
0|257759|
0|257760|
0|257761|
0|257762|
0|257763|
0|257764|
0|257765|
0|257766|
0|257767|
0|257768|
0|257769|
0|257770|
0|257771|
0|257772|
0|257773|
0|257774|
0|257775|
0|257776|
0|257777|
0|257778|
0|257779|
0|257780|
0|257781|
0|257782|
0|257783|
0|257784|
0|257785|
0|257786|
0|257787|
0|257788|
0|257790|
0|257791|
0|257792|
0|257793|
0|257794|
0|257795|
0|257796|
0|257797|
0|257798|
0|257799|
0|257800|
0|257801|
0|257803|
0|257804|
0|257805|
0|257806|
0|257807|
0|257808|
0|257809|
0|257810|
0|257811|
0|257812|
0|257813|
