0|662964|
0|662965|
0|662966|
0|662967|
0|662968|
0|662969|
0|662970|
0|662971|
0|662972|
0|662973|
0|662974|
0|662975|
0|662976|
0|662977|
0|662978|
0|662979|
0|662980|
0|662981|
0|662982|
0|662983|
0|662984|
0|662985|
0|662986|
0|662987|
0|662988|
0|662989|
0|662990|
0|662991|
0|662992|
0|662993|
0|662994|
0|662995|
0|662996|
0|662997|
0|662998|
0|662999|
0|663000|
0|663001|
0|663002|
0|663003|
0|663004|
0|663005|
0|663006|
0|663007|
0|663008|
0|663009|
0|663010|
0|663011|
0|663012|
0|663013|
0|663014|
0|663015|
0|663016|
0|663017|
0|663018|
0|663019|
0|663020|
0|663021|
0|663022|
0|663023|
0|663024|
0|663025|
0|663026|
0|663027|
0|663028|
0|663029|
0|663030|
0|663031|
0|663032|
0|663033|
0|663034|
0|663035|
0|663036|
0|663037|
0|663038|
0|663039|
0|663040|
0|663041|
0|663042|
0|663043|
0|663044|
