0|659316|
0|659317|
0|659318|
0|659319|
0|659320|
0|659321|
0|659322|
0|659323|
0|659324|
0|659325|
0|659326|
0|659327|
0|659328|
0|659329|
0|659330|
0|659331|
0|659332|
0|659333|
0|659334|
0|659335|
0|659336|
0|659337|
0|659338|
0|659339|
0|659340|
0|659341|
0|659342|
0|659343|
0|659344|
0|659345|
0|659346|
0|659347|
0|659348|
0|659349|
0|659350|
0|659351|
0|659352|
0|659353|
0|659354|
0|659355|
0|659356|
0|659357|
0|659358|
0|659359|
0|659360|
0|659361|
0|659362|
0|659363|
0|659364|
0|659365|
0|659366|
0|659367|
0|659368|
0|659369|
0|659370|
0|659371|
0|659372|
0|659373|
0|659374|
0|659375|
0|659376|
0|659377|
0|659378|
0|659379|
0|659380|
0|659381|
0|659382|
0|659383|
0|659384|
0|659385|
0|659386|
0|659387|
0|659388|
0|659389|
0|659390|
0|659391|
0|659392|
0|659393|
0|659394|
0|659395|
