0|369306|
0|369307|
0|369308|
0|369309|
0|369310|
0|369311|
0|369312|
0|369313|
0|369314|
0|369315|
0|369316|
0|369317|
0|369318|
0|369319|
0|369320|
0|369321|
0|369322|
0|369323|
0|369324|
0|369325|
0|369326|
0|369327|
0|369328|
0|369329|
0|369330|
0|369331|
0|369332|
0|369333|
0|369334|
0|369335|
0|369336|
0|369337|
0|369338|
0|369339|
0|369340|
0|369341|
0|369342|
0|369343|
0|369344|
0|369345|
0|369346|
0|369347|
0|369348|
0|369349|
0|369350|
0|369351|
0|369352|
0|369353|
0|369354|
0|369355|
0|369356|
0|369357|
0|369358|
0|369359|
0|369360|
0|369361|
0|369362|
0|369363|
0|369364|
0|369365|
0|369366|
0|369367|
0|369368|
0|369369|
0|369370|
0|369371|
0|369372|
0|369373|
0|369374|
0|369375|
0|369376|
0|369377|
0|369378|
0|369379|
0|369380|
0|369381|
0|369382|
0|369383|
0|369384|
0|369385|
0|369386|
0|369387|
0|369388|
0|369389|
0|369390|
0|369391|
0|369392|
0|369393|
0|369394|
0|369395|
0|369396|
0|369397|
0|369398|
0|369399|
0|369400|
0|369401|
0|369402|
0|369403|
0|369404|
0|369405|
