0|689994|
0|689995|
0|689996|
0|689997|
0|689998|
0|689999|
0|690000|
0|690001|
0|690002|
0|690003|
0|690004|
0|690005|
0|690006|
0|690007|
0|690008|
0|690009|
0|690010|
0|690011|
0|690012|
0|690013|
0|690014|
0|690015|
0|690016|
0|690017|
0|690018|
0|690019|
0|690020|
0|690021|
0|690022|
0|690023|
0|690024|
0|690025|
0|690026|
0|690027|
0|690028|
0|690029|
0|690030|
0|690031|
0|690032|
0|690033|
0|690034|
0|690035|
0|690036|
0|690037|
0|690038|
0|690039|
0|690040|
0|690041|
0|690042|
0|690043|
0|690044|
0|690045|
0|690046|
0|690047|
0|690048|
0|690049|
0|690050|
0|690051|
0|690052|
0|690053|
0|690054|
0|690055|
0|690056|
0|690057|
0|690058|
0|690059|
0|690060|
0|690061|
0|690062|
0|690063|
0|690064|
0|690065|
0|690066|
0|690067|
0|690068|
0|690069|
0|690070|
0|690071|
0|690072|
0|690073|
0|690074|
0|690075|
0|690076|
0|690077|
0|690078|
0|690079|
0|690080|
0|690081|
0|690082|
0|690083|
0|690084|
0|690085|
0|690086|
