0|266904|
0|266905|
0|266906|
0|266907|
0|266908|
0|266909|
0|266910|
0|266911|
0|266912|
0|266913|
0|266914|
0|266915|
0|266916|
0|266917|
0|266918|
0|266919|
0|266920|
0|266921|
0|266922|
0|266923|
0|266924|
0|266925|
0|266926|
0|266927|
0|266928|
0|266929|
0|266930|
0|266931|
0|266932|
0|266933|
0|266934|
0|266935|
0|266936|
0|266937|
0|266938|
0|266939|
0|266940|
0|266941|
0|266942|
0|266943|
0|266944|
0|266945|
0|266946|
0|266947|
0|266948|
0|266949|
0|266950|
0|266951|
0|266952|
0|266953|
0|266954|
0|266955|
0|266956|
0|266957|
0|266958|
0|266959|
0|266960|
0|266961|
0|266962|
0|266963|
0|266964|
0|266965|
0|266966|
0|266967|
0|266968|
0|266969|
0|266970|
0|266971|
0|266972|
0|266973|
0|266974|
0|266975|
0|266976|
0|266977|
0|266978|
0|266979|
0|266980|
0|266981|
0|266982|
0|266983|
0|266984|
0|266985|
0|266986|
0|266987|
0|266988|
0|266989|
0|266990|
0|266991|
0|266992|
0|266993|
0|266994|
0|266995|
0|266996|
0|266997|
0|266998|
0|266999|
0|267000|
0|267001|
0|267002|
0|267003|
