0|567530|
0|567531|
0|567532|
0|567533|
0|567534|
0|567535|
0|567536|
0|567537|
0|567538|
0|567539|
0|567540|
0|567541|
0|567542|
0|567543|
0|567544|
0|567545|
0|567546|
0|567547|
0|567548|
0|567549|
0|567550|
0|567551|
0|567552|
0|567553|
0|567554|
0|567555|
0|567556|
0|567557|
0|567558|
0|567559|
0|567560|
0|567561|
0|567563|
0|567565|
0|567567|
0|567569|
0|567571|
0|567573|
0|567575|
0|567577|
0|567579|
0|567581|
0|567583|
0|567585|
0|567587|
0|567589|
0|567591|
0|567593|
0|567595|
0|567597|
0|567599|
0|567601|
0|567603|
0|567604|
0|567605|
