0|416324|
0|416325|
0|416326|
0|416327|
0|416328|
0|416329|
0|416330|
0|416331|
0|416332|
0|416333|
0|416334|
0|416335|
0|416336|
0|416337|
0|416338|
0|416339|
0|416340|
0|416341|
0|416342|
0|416343|
0|416344|
0|416345|
0|416346|
0|416347|
0|416348|
0|416349|
0|416350|
0|416351|
0|416353|
0|416354|
0|416355|
0|416356|
0|416357|
0|416358|
0|416359|
0|416360|
0|416361|
0|416362|
0|416363|
0|416364|
0|416365|
0|416366|
0|416367|
0|416368|
0|416369|
0|416370|
0|416371|
0|416372|
0|416373|
0|416374|
0|416375|
0|416376|
0|416377|
0|416378|
0|416379|
0|416380|
0|416381|
0|416382|
0|416383|
0|416384|
0|416385|
0|416386|
0|416387|
0|416388|
0|416389|
0|416390|
0|416391|
0|416392|
0|416393|
0|416394|
0|416395|
0|416396|
0|416397|
0|416398|
0|416399|
0|416400|
0|416401|
0|416402|
0|416403|
0|416404|
0|416405|
0|416406|
0|416407|
0|416408|
0|416409|
0|416410|
0|416411|
0|416412|
0|416413|
0|416414|
