0|663632|
0|663633|
0|663634|
0|663635|
0|663636|
0|663637|
0|663638|
0|663639|
0|663640|
0|663641|
0|663642|
0|663643|
0|663644|
0|663645|
0|663646|
0|663647|
0|663648|
0|663649|
0|663650|
0|663651|
0|663652|
0|663653|
0|663654|
0|663655|
0|663656|
0|663657|
0|663658|
0|663659|
0|663660|
0|663661|
0|663662|
0|663663|
0|663664|
0|663665|
0|663666|
0|663667|
0|663668|
0|663669|
0|663670|
0|663671|
0|663672|
0|663673|
0|663674|
0|663675|
0|663676|
0|663677|
0|663678|
0|663679|
0|663680|
0|663681|
0|663682|
0|663683|
0|663684|
0|663685|
0|663686|
0|663687|
0|663688|
0|663689|
0|663690|
0|663691|
0|663692|
0|663693|
0|663694|
0|663695|
0|663696|
0|663697|
0|663698|
0|663699|
0|663700|
0|663701|
0|663702|
0|663703|
0|663704|
0|663705|
0|663706|
0|663707|
0|663708|
0|663709|
0|663710|
0|663711|
0|663712|
