0|318050|
0|318051|
0|318052|
0|318053|
0|318054|
0|318055|
0|318056|
0|318057|
0|318058|
0|318059|
0|318060|
0|318061|
0|318062|
0|318063|
0|318064|
0|318065|
0|318066|
0|318067|
0|318068|
0|318069|
0|318070|
0|318071|
0|318072|
0|318073|
0|318074|
0|318075|
0|318076|
0|318077|
0|318078|
0|318079|
0|318080|
0|318081|
0|318082|
0|318083|
0|318084|
0|318085|
0|318086|
0|318087|
0|318088|
0|318089|
0|318090|
0|318091|
0|318092|
0|318093|
0|318094|
0|318095|
0|318096|
0|318097|
0|318098|
0|318099|
0|318100|
0|318101|
0|318102|
0|318103|
0|318104|
0|318105|
0|318106|
0|318107|
0|318108|
0|318109|
0|318110|
0|318111|
0|318112|
0|318113|
0|318114|
0|318115|
0|318116|
0|318117|
0|318118|
0|318119|
0|318120|
0|318121|
0|318122|
0|318123|
0|318124|
0|318125|
0|318126|
0|318127|
0|318128|
0|318129|
0|318130|
0|318131|
0|318132|
0|318133|
0|318134|
0|318135|
0|318136|
0|318137|
0|318138|
0|318139|
0|318140|
0|318141|
0|318142|
0|318143|
0|318144|
0|318145|
0|318146|
0|318147|
0|318148|
0|318149|
0|318150|
0|318151|
0|318152|
0|318153|
0|318154|
0|318155|
0|318156|
0|318157|
0|318158|
0|318159|
