0|418741|
0|418742|
0|418743|
0|418744|
0|418745|
0|418746|
0|418747|
0|418748|
0|418749|
0|418750|
0|418751|
0|418752|
0|418753|
0|418754|
0|418755|
0|418756|
0|418757|
0|418758|
0|418759|
0|418760|
0|418761|
0|418762|
0|418763|
0|418765|
0|418767|
0|418768|
0|418769|
0|418770|
0|418771|
0|418772|
0|418773|
0|418774|
0|418775|
0|418776|
0|418777|
0|418778|
0|418779|
0|418780|
0|418781|
0|418782|
0|418783|
0|418784|
0|418785|
0|418786|
0|418787|
0|418788|
0|418789|
0|418790|
0|418791|
0|418792|
0|418793|
0|418794|
0|418795|
0|418796|
0|418797|
0|418798|
0|418799|
0|418800|
0|418801|
0|418802|
0|418803|
0|418804|
0|418805|
0|418806|
0|418807|
0|418808|
0|418809|
0|418810|
0|418811|
0|418812|
0|418813|
0|418814|
0|418815|
