0|622337|
0|622338|
0|622339|
0|622340|
0|622341|
0|622342|
0|622343|
0|622344|
0|622345|
0|622346|
0|622347|
0|622348|
0|622349|
0|622350|
0|622351|
0|622352|
0|622353|
0|622354|
0|622355|
0|622356|
0|622357|
0|622358|
0|622359|
0|622360|
0|622361|
0|622362|
0|622363|
0|622364|
0|622365|
0|622366|
0|622367|
0|622368|
0|622369|
0|622370|
0|622371|
0|622372|
0|622373|
0|622374|
0|622375|
0|622376|
0|622377|
0|622378|
0|622379|
0|622380|
0|622381|
0|622382|
0|622383|
0|622384|
0|622385|
0|622386|
0|622387|
0|622388|
0|622389|
0|622390|
0|622391|
0|622392|
0|622393|
0|622394|
0|622395|
0|622396|
0|622397|
0|622398|
0|622399|
0|622400|
0|622401|
0|622402|
0|622403|
0|622404|
0|622405|
0|622406|
0|622407|
0|622408|
0|622409|
0|622410|
0|622411|
0|622412|
0|622413|
0|622414|
0|622415|
0|622416|
