0|528842|
0|528843|
0|528844|
0|528845|
0|528846|
0|528847|
0|528848|
0|528849|
0|528850|
0|528851|
0|528852|
0|528853|
0|528854|
0|528855|
0|528856|
0|528857|
0|528858|
0|528859|
0|528860|
0|528861|
0|528862|
0|528863|
0|528864|
0|528865|
0|528866|
0|528867|
0|528868|
0|528869|
0|528870|
0|528871|
0|528872|
0|528873|
0|528874|
0|528875|
0|528876|
0|528877|
0|528878|
0|528879|
0|528880|
0|528881|
0|528882|
0|528883|
0|528884|
0|528885|
0|528886|
0|528887|
0|528888|
0|528889|
0|528890|
0|528891|
0|528892|
0|528893|
0|528894|
0|528895|
0|528896|
0|528897|
0|528898|
0|528899|
0|528900|
0|528901|
0|528902|
0|528904|
0|528906|
0|528908|
0|528910|
0|528912|
0|528913|
0|528914|
0|528915|
0|528916|
0|528917|
0|528918|
0|528919|
0|528920|
0|528921|
0|528922|
0|528923|
0|528924|
0|528925|
0|528926|
0|528927|
0|528928|
0|528929|
0|528930|
0|528931|
0|528932|
0|528933|
0|528934|
