0|372638|
0|372639|
0|372640|
0|372641|
0|372642|
0|372643|
0|372644|
0|372645|
0|372646|
0|372647|
0|372648|
0|372649|
0|372650|
0|372651|
0|372652|
0|372653|
0|372654|
0|372655|
0|372657|
0|372658|
0|372659|
0|372660|
0|372661|
0|372662|
0|372663|
0|372664|
0|372665|
0|372666|
0|372667|
0|372668|
0|372669|
0|372670|
0|372671|
0|372672|
0|372673|
0|372674|
0|372675|
0|372676|
0|372677|
0|372678|
0|372679|
0|372680|
0|372681|
0|372682|
0|372683|
0|372684|
0|372685|
0|372686|
0|372687|
0|372688|
0|372689|
0|372690|
0|372691|
0|372692|
0|372693|
0|372694|
0|372695|
0|372696|
0|372697|
0|372698|
0|372699|
0|372700|
0|372701|
0|372702|
0|372703|
0|372704|
0|372705|
0|372706|
0|372707|
0|372708|
0|372709|
0|372710|
0|372711|
0|372712|
0|372713|
0|372714|
0|372715|
0|372716|
