0|735918|
0|735919|
0|735920|
0|735921|
0|735922|
0|735923|
0|735924|
0|735925|
0|735926|
0|735927|
0|735928|
0|735929|
0|735930|
0|735931|
0|735932|
0|735933|
0|735934|
0|735935|
0|735936|
0|735937|
0|735938|
0|735939|
0|735940|
0|735941|
0|735942|
0|735943|
0|735944|
0|735945|
0|735946|
0|735947|
0|735948|
0|735949|
0|735950|
0|735951|
0|735952|
0|735953|
0|735954|
0|735955|
0|735956|
0|735957|
0|735958|
0|735959|
0|735960|
0|735961|
0|735962|
0|735963|
0|735964|
0|735965|
0|735966|
0|735967|
0|735968|
0|735969|
0|735970|
0|735971|
0|735972|
0|735973|
