0|539482|
0|539483|
0|539484|
0|539485|
0|539486|
0|539487|
0|539488|
0|539489|
0|539490|
0|539491|
0|539492|
0|539493|
0|539494|
0|539495|
0|539496|
0|539497|
0|539498|
0|539499|
0|539500|
0|539501|
0|539502|
0|539503|
0|539504|
0|539505|
0|539506|
0|539507|
0|539508|
0|539509|
0|539510|
0|539511|
0|539512|
0|539513|
0|539514|
0|539515|
0|539517|
0|539518|
0|539519|
0|539520|
0|539521|
0|539522|
0|539523|
0|539524|
0|539525|
0|539526|
0|539527|
0|539528|
0|539529|
0|539530|
0|539531|
0|539532|
0|539533|
0|539534|
