0|643870|
0|643871|
0|643872|
0|643873|
0|643874|
0|643875|
0|643876|
0|643877|
0|643878|
0|643879|
0|643880|
0|643881|
0|643882|
0|643883|
0|643884|
0|643885|
0|643886|
0|643887|
0|643888|
0|643889|
0|643890|
0|643891|
0|643892|
0|643893|
0|643894|
0|643895|
0|643896|
0|643897|
0|643898|
0|643899|
0|643900|
0|643901|
0|643902|
0|643903|
0|643904|
0|643905|
0|643906|
0|643907|
0|643908|
0|643909|
0|643910|
0|643911|
0|643912|
0|643913|
0|643914|
0|643915|
0|643916|
0|643917|
0|643918|
0|643919|
0|643920|
0|643921|
0|643922|
0|643923|
0|643924|
0|643925|
0|643926|
0|643927|
0|643928|
0|643929|
0|643930|
0|643931|
0|643932|
0|643933|
0|643934|
0|643935|
0|643936|
0|643937|
0|643938|
0|643939|
0|643940|
0|643941|
0|643942|
0|643943|
0|643944|
0|643945|
0|643946|
0|643947|
0|643948|
0|643949|
0|643950|
0|643951|
0|643952|
0|643953|
0|643954|
0|643955|
0|643956|
0|643957|
0|643958|
0|643959|
0|643960|
0|643961|
0|643962|
0|643963|
0|643964|
0|643965|
0|643966|
0|643967|
0|643968|
0|643969|
0|643970|
0|643971|
0|643972|
0|643973|
0|643974|
0|643975|
0|643976|
0|643977|
0|643978|
0|643979|
0|643980|
0|643981|
0|643982|
