0|521081|
0|521082|
0|521083|
0|521084|
0|521085|
0|521086|
0|521087|
0|521088|
0|521089|
0|521090|
0|521091|
0|521092|
0|521093|
0|521094|
0|521095|
0|521096|
0|521097|
0|521098|
0|521099|
0|521100|
0|521101|
0|521102|
0|521103|
0|521104|
0|521105|
0|521106|
0|521107|
0|521108|
0|521109|
0|521110|
0|521111|
0|521112|
0|521113|
0|521114|
0|521115|
0|521116|
0|521117|
0|521118|
0|521119|
0|521120|
0|521121|
0|521122|
0|521123|
0|521124|
0|521125|
0|521126|
0|521127|
0|521128|
0|521129|
0|521130|
0|521131|
0|521132|
