0|482350|
0|482351|
0|482352|
0|482353|
0|482354|
0|482355|
0|482356|
0|482357|
0|482358|
0|482359|
0|482360|
0|482361|
0|482362|
0|482363|
0|482364|
0|482365|
0|482366|
0|482367|
0|482368|
0|482369|
0|482370|
0|482371|
0|482372|
0|482373|
0|482374|
0|482375|
0|482376|
0|482377|
0|482378|
0|482379|
0|482380|
0|482381|
0|482382|
0|482383|
0|482384|
0|482385|
0|482386|
0|482387|
0|482388|
0|482389|
0|482390|
0|482391|
0|482392|
0|482393|
0|482394|
0|482395|
0|482396|
0|482397|
0|482398|
0|482399|
0|482400|
0|482401|
0|482402|
0|482403|
0|482404|
0|482405|
0|482406|
0|482407|
0|482409|
0|482410|
0|482411|
0|482412|
0|482413|
0|482414|
0|482415|
0|482416|
0|482417|
0|482418|
0|482419|
