0|352494|
0|352495|
0|352496|
0|352497|
0|352498|
0|352499|
0|352500|
0|352501|
0|352502|
0|352503|
0|352504|
0|352505|
0|352506|
0|352507|
0|352508|
0|352509|
0|352510|
0|352511|
0|352512|
0|352513|
0|352514|
0|352515|
0|352516|
0|352517|
0|352518|
0|352519|
0|352520|
0|352521|
0|352522|
0|352523|
0|352524|
0|352525|
0|352526|
0|352527|
0|352528|
0|352529|
0|352530|
0|352531|
0|352532|
0|352533|
0|352534|
0|352535|
0|352536|
0|352537|
0|352538|
0|352539|
0|352540|
0|352541|
0|352542|
0|352543|
0|352544|
0|352545|
0|352546|
0|352547|
0|352548|
0|352549|
0|352550|
0|352551|
0|352552|
0|352553|
0|352554|
0|352555|
0|352556|
0|352557|
0|352558|
0|352559|
0|352560|
0|352561|
0|352562|
0|352563|
0|352564|
0|352565|
0|352566|
0|352567|
0|352568|
0|352569|
0|352570|
0|352571|
0|352572|
0|352573|
0|352574|
0|352575|
0|352576|
0|352577|
0|352578|
0|352579|
0|352580|
0|352581|
0|352582|
0|352583|
0|352584|
0|352585|
0|352586|
0|352587|
0|352588|
0|352589|
0|352590|
0|352591|
0|352592|
0|352593|
0|352594|
