0|663220|
0|663221|
0|663222|
0|663223|
0|663224|
0|663225|
0|663226|
0|663227|
0|663228|
0|663229|
0|663230|
0|663231|
0|663232|
0|663233|
0|663234|
0|663235|
0|663236|
0|663237|
0|663238|
0|663239|
0|663240|
0|663241|
0|663242|
0|663243|
0|663244|
0|663245|
0|663246|
0|663247|
0|663248|
0|663249|
0|663250|
0|663251|
0|663252|
0|663253|
0|663254|
0|663255|
0|663256|
0|663257|
0|663258|
0|663259|
0|663260|
0|663261|
0|663262|
0|663263|
0|663264|
0|663265|
0|663266|
0|663267|
0|663268|
0|663269|
0|663270|
0|663271|
0|663272|
0|663273|
0|663274|
0|663275|
0|663276|
0|663277|
0|663278|
0|663279|
0|663280|
0|663281|
0|663282|
0|663283|
0|663284|
0|663285|
0|663286|
0|663287|
0|663288|
0|663289|
0|663290|
0|663291|
0|663292|
0|663293|
0|663294|
0|663295|
0|663297|
0|663299|
0|663301|
0|663303|
0|663305|
