0|658589|
0|658590|
0|658591|
0|658592|
0|658593|
0|658594|
0|658595|
0|658596|
0|658597|
0|658598|
0|658599|
0|658600|
0|658601|
0|658602|
0|658603|
0|658604|
0|658605|
0|658606|
0|658607|
0|658608|
0|658609|
0|658610|
0|658611|
0|658612|
0|658613|
0|658614|
0|658615|
0|658616|
0|658617|
0|658618|
0|658619|
0|658620|
0|658621|
0|658622|
0|658623|
0|658624|
0|658625|
0|658626|
0|658627|
0|658628|
0|658629|
0|658630|
0|658631|
0|658632|
0|658633|
0|658634|
0|658635|
0|658636|
0|658637|
0|658638|
0|658639|
0|658640|
0|658641|
0|658642|
0|658643|
0|658644|
0|658645|
0|658646|
0|658647|
0|658648|
0|658649|
0|658650|
0|658651|
0|658652|
0|658653|
0|658654|
0|658655|
0|658656|
0|658657|
0|658658|
0|658659|
0|658660|
0|658661|
0|658662|
0|658663|
0|658664|
0|658665|
0|658666|
0|658667|
0|658668|
0|658669|
