0|599840|
0|599841|
0|599842|
0|599843|
0|599844|
0|599845|
0|599846|
0|599847|
0|599848|
0|599849|
0|599850|
0|599851|
0|599852|
0|599853|
0|599854|
0|599855|
0|599856|
0|599857|
0|599858|
0|599859|
0|599860|
0|599861|
0|599862|
0|599863|
0|599864|
0|599865|
0|599866|
0|599867|
0|599868|
0|599869|
0|599870|
0|599871|
0|599872|
0|599873|
0|599874|
0|599875|
0|599876|
0|599877|
0|599878|
0|599879|
0|599880|
0|599881|
0|599882|
0|599883|
0|599884|
0|599885|
0|599886|
0|599887|
0|599888|
0|599889|
0|599890|
0|599891|
0|599892|
0|599893|
0|599894|
0|599895|
0|599896|
0|599897|
0|599898|
0|599899|
0|599900|
0|599901|
0|599902|
0|599903|
0|599904|
0|599905|
0|599906|
0|599907|
0|599908|
0|599909|
0|599910|
