0|504494|
0|504495|
0|504496|
0|504497|
0|504498|
0|504499|
0|504500|
0|504501|
0|504502|
0|504503|
0|504504|
0|504505|
0|504506|
0|504507|
0|504508|
0|504509|
0|504510|
0|504511|
0|504512|
0|504513|
0|504514|
0|504515|
0|504516|
0|504517|
0|504518|
0|504519|
0|504520|
0|504521|
0|504522|
0|504523|
0|504524|
0|504525|
0|504526|
0|504527|
0|504528|
0|504529|
0|504530|
0|504531|
0|504532|
0|504533|
0|504534|
0|504535|
0|504536|
0|504537|
0|504538|
0|504539|
0|504540|
0|504541|
0|504542|
0|504543|
0|504544|
0|504545|
0|504546|
0|504547|
0|504548|
0|504549|
0|504550|
0|504551|
0|504552|
0|504553|
0|504554|
0|504555|
0|504556|
0|504557|
0|504558|
0|504559|
0|504560|
0|504561|
0|504562|
0|504563|
