0|691407|
0|691408|
0|691409|
0|691410|
0|691411|
0|691412|
0|691413|
0|691414|
0|691415|
0|691416|
0|691417|
0|691418|
0|691419|
0|691420|
0|691421|
0|691422|
0|691423|
0|691424|
0|691425|
0|691426|
0|691427|
0|691428|
0|691429|
0|691430|
0|691431|
0|691432|
0|691433|
0|691434|
0|691435|
0|691436|
0|691437|
0|691438|
0|691440|
0|691441|
0|691442|
0|691443|
0|691444|
0|691445|
0|691446|
0|691447|
0|691448|
0|691449|
0|691450|
0|691451|
0|691452|
0|691453|
0|691454|
0|691455|
0|691456|
0|691457|
0|691458|
0|691459|
0|691460|
0|691461|
0|691462|
0|691463|
0|691464|
0|691465|
0|691466|
0|691467|
0|691468|
0|691469|
0|691470|
0|691471|
0|691472|
0|691473|
0|691474|
0|691475|
0|691476|
0|691477|
0|691478|
0|691479|
