0|148436|
0|148437|
0|148438|
0|148439|
0|148440|
0|148441|
0|148442|
0|148443|
0|148444|
0|148445|
0|148446|
0|148447|
0|148448|
0|148449|
0|148450|
0|148451|
0|148452|
0|148453|
0|148454|
0|148455|
0|148456|
0|148457|
0|148458|
0|148459|
0|148460|
0|148461|
0|148462|
0|148463|
0|148464|
0|148465|
0|148466|
0|148467|
0|148468|
0|148469|
0|148470|
0|148471|
0|148472|
0|148473|
0|148474|
0|148475|
0|148476|
0|148477|
0|148478|
0|148479|
0|148480|
0|148481|
0|148482|
0|148483|
0|148484|
0|148485|
0|148486|
0|148487|
0|148488|
0|148489|
0|148490|
0|148491|
0|148492|
0|148493|
0|148494|
0|148495|
0|148496|
0|148497|
0|148498|
0|148499|
0|148500|
0|148501|
0|148502|
0|148503|
0|148504|
0|148505|
0|148506|
0|148507|
0|148508|
0|148509|
0|148510|
0|148511|
0|148512|
0|148513|
0|148514|
0|148515|
0|148516|
0|148517|
0|148518|
0|148519|
0|148520|
0|148521|
0|148522|
0|148523|
0|148524|
0|148525|
0|148526|
0|148527|
