0|98345|
0|98347|
0|98348|
0|98349|
0|98350|
0|98351|
0|98352|
0|98353|
0|98354|
0|98355|
0|98356|
0|98357|
0|98358|
0|98359|
0|98360|
0|98361|
0|98362|
0|98363|
0|98364|
0|98365|
0|98366|
0|98367|
0|98368|
0|98369|
0|98370|
0|98371|
0|98372|
0|98373|
0|98374|
0|98375|
0|98376|
0|98377|
0|98378|
0|98379|
0|98380|
0|98381|
0|98382|
0|98383|
0|98384|
0|98385|
0|98386|
0|98387|
0|98389|
0|98390|
0|98391|
0|98392|
0|98393|
0|98394|
0|98395|
0|98396|
0|98397|
0|98398|
0|98399|
0|98400|
0|98401|
0|98402|
0|98403|
0|98404|
0|98405|
0|98406|
0|98407|
0|98408|
0|98409|
0|98410|
0|98411|
0|98412|
0|98413|
0|98414|
0|98415|
0|98416|
0|98417|
0|98418|
0|98419|
0|98420|
0|98421|
0|98422|
0|98423|
0|98424|
0|98425|
0|98426|
0|98427|
0|98428|
0|98429|
0|98430|
0|98431|
0|98432|
0|98433|
0|98434|
0|98435|
0|98436|
0|98437|
0|98438|
0|98439|
0|98440|
0|98441|
0|98442|
0|98443|
0|98444|
0|98445|
0|98446|
0|98447|
0|98448|
0|98449|
0|98450|
0|98451|
0|98452|
0|98453|
0|98454|
0|98455|
0|98456|
0|98457|
0|98458|
0|98459|
