0|665778|
0|665779|
0|665780|
0|665781|
0|665782|
0|665783|
0|665784|
0|665785|
0|665786|
0|665787|
0|665788|
0|665789|
0|665790|
0|665791|
0|665792|
0|665793|
0|665794|
0|665795|
0|665796|
0|665797|
0|665798|
0|665799|
0|665800|
0|665801|
0|665802|
0|665803|
0|665804|
0|665805|
0|665806|
0|665807|
0|665808|
0|665809|
0|665810|
0|665811|
0|665812|
0|665813|
0|665814|
0|665815|
0|665816|
0|665817|
0|665818|
0|665819|
0|665820|
0|665821|
0|665822|
0|665824|
0|665825|
0|665826|
0|665827|
0|665828|
0|665829|
0|665830|
0|665831|
0|665832|
0|665833|
0|665834|
0|665835|
