0|618220|
0|618221|
0|618222|
0|618223|
0|618224|
0|618225|
0|618226|
0|618227|
0|618228|
0|618229|
0|618230|
0|618231|
0|618232|
0|618233|
0|618234|
0|618235|
0|618236|
0|618237|
0|618238|
0|618239|
0|618240|
0|618241|
0|618242|
0|618243|
0|618244|
0|618245|
0|618246|
0|618247|
0|618248|
0|618249|
0|618250|
0|618251|
0|618252|
0|618253|
0|618254|
0|618255|
0|618256|
0|618257|
0|618258|
0|618259|
0|618260|
0|618261|
0|618262|
0|618263|
0|618264|
0|618265|
0|618266|
0|618267|
0|618268|
0|618269|
0|618270|
0|618271|
0|618272|
0|618273|
0|618274|
0|618275|
0|618276|
0|618277|
0|618278|
0|618279|
0|618280|
0|618281|
0|618282|
0|618283|
0|618284|
0|618285|
0|618286|
0|618287|
0|618288|
0|618289|
0|618290|
0|618291|
0|618292|
0|618293|
0|618294|
0|618295|
0|618296|
0|618297|
0|618298|
0|618299|
0|618300|
0|618301|
0|618302|
0|618303|
0|618304|
0|618305|
0|618306|
0|618307|
0|618308|
0|618309|
0|618310|
