0|273877|
0|273878|
0|273879|
0|273880|
0|273881|
0|273882|
0|273883|
0|273884|
0|273885|
0|273886|
0|273887|
0|273888|
0|273889|
0|273890|
0|273891|
0|273892|
0|273893|
0|273894|
0|273895|
0|273896|
0|273897|
0|273898|
0|273899|
0|273900|
0|273901|
0|273902|
0|273903|
0|273904|
0|273905|
0|273906|
0|273907|
0|273908|
0|273909|
0|273910|
0|273911|
0|273912|
0|273913|
0|273914|
0|273915|
0|273916|
0|273917|
0|273918|
0|273919|
0|273920|
0|273921|
0|273922|
0|273923|
0|273924|
0|273925|
0|273926|
0|273927|
0|273928|
0|273929|
0|273930|
0|273931|
0|273932|
0|273933|
0|273934|
0|273935|
0|273936|
0|273937|
0|273938|
0|273939|
0|273940|
0|273941|
0|273942|
0|273943|
0|273944|
0|273945|
0|273946|
0|273947|
0|273948|
0|273949|
0|273950|
0|273951|
0|273952|
0|273953|
0|273954|
0|273955|
0|273956|
