0|474637|
0|474638|
0|474639|
0|474640|
0|474641|
0|474642|
0|474643|
0|474644|
0|474645|
0|474646|
0|474647|
0|474648|
0|474649|
0|474650|
0|474651|
0|474652|
0|474653|
0|474654|
0|474655|
0|474656|
0|474657|
0|474658|
0|474659|
0|474660|
0|474661|
0|474662|
0|474663|
0|474664|
0|474665|
0|474666|
0|474667|
0|474668|
0|474669|
0|474670|
0|474671|
0|474672|
0|474673|
0|474674|
0|474675|
0|474676|
0|474677|
0|474678|
0|474679|
0|474680|
0|474681|
0|474682|
0|474684|
0|474685|
0|474686|
0|474687|
0|474688|
0|474689|
0|474690|
0|474691|
0|474692|
0|474693|
0|474694|
0|474695|
