0|628651|
0|628652|
0|628653|
0|628654|
0|628655|
0|628656|
0|628657|
0|628658|
0|628659|
0|628660|
0|628661|
0|628662|
0|628663|
0|628664|
0|628665|
0|628666|
0|628667|
0|628668|
0|628669|
0|628670|
0|628671|
0|628672|
0|628673|
0|628674|
0|628675|
0|628676|
0|628677|
0|628678|
0|628679|
0|628680|
0|628681|
0|628682|
0|628683|
0|628684|
0|628685|
0|628686|
0|628687|
0|628688|
0|628689|
0|628690|
0|628691|
0|628692|
0|628693|
0|628694|
0|628695|
0|628696|
0|628697|
0|628698|
0|628699|
0|628700|
0|628701|
0|628702|
0|628703|
0|628704|
0|628705|
0|628706|
0|628707|
0|628708|
0|628709|
0|628710|
0|628711|
0|628712|
0|628713|
0|628714|
0|628715|
0|628716|
0|628717|
0|628718|
0|628719|
0|628720|
0|628721|
0|628722|
