0|475579|
0|475580|
0|475581|
0|475582|
0|475583|
0|475584|
0|475585|
0|475586|
0|475587|
0|475588|
0|475589|
0|475590|
0|475591|
0|475592|
0|475593|
0|475594|
0|475595|
0|475596|
0|475597|
0|475598|
0|475599|
0|475600|
0|475601|
0|475602|
0|475603|
0|475604|
0|475605|
0|475606|
0|475607|
0|475608|
0|475609|
0|475610|
0|475611|
0|475612|
0|475613|
0|475614|
0|475615|
0|475616|
0|475617|
0|475618|
0|475619|
0|475620|
0|475621|
0|475622|
0|475623|
0|475624|
0|475625|
0|475626|
0|475627|
0|475628|
0|475629|
0|475630|
0|475631|
0|475633|
0|475634|
0|475635|
0|475636|
0|475637|
0|475638|
0|475639|
0|475640|
0|475641|
0|475642|
0|475643|
0|475644|
0|475645|
0|475646|
0|475647|
0|475648|
0|475649|
0|475650|
0|475651|
0|475652|
0|475653|
0|475654|
0|475655|
0|475656|
0|475657|
0|475658|
0|475659|
0|475660|
0|475661|
