0|531774|
0|531775|
0|531776|
0|531777|
0|531778|
0|531779|
0|531780|
0|531781|
0|531782|
0|531783|
0|531784|
0|531785|
0|531786|
0|531787|
0|531788|
0|531789|
0|531790|
0|531791|
0|531792|
0|531793|
0|531794|
0|531795|
0|531796|
0|531797|
0|531798|
0|531799|
0|531800|
0|531801|
0|531802|
0|531803|
0|531804|
0|531805|
0|531806|
0|531807|
0|531808|
0|531809|
0|531810|
0|531811|
0|531812|
0|531813|
0|531814|
0|531815|
0|531816|
0|531817|
0|531818|
0|531819|
0|531820|
0|531821|
0|531822|
0|531823|
0|531824|
0|531825|
0|531826|
0|531827|
0|531828|
0|531829|
0|531830|
0|531831|
0|531832|
0|531833|
0|531834|
0|531835|
0|531836|
0|531837|
0|531838|
0|531839|
0|531840|
0|531841|
