0|529490|
0|529491|
0|529492|
0|529493|
0|529494|
0|529495|
0|529496|
0|529497|
0|529498|
0|529499|
0|529500|
0|529501|
0|529502|
0|529503|
0|529504|
0|529505|
0|529506|
0|529507|
0|529508|
0|529509|
0|529510|
0|529511|
0|529512|
0|529513|
0|529514|
0|529515|
0|529516|
0|529517|
0|529518|
0|529519|
0|529520|
0|529521|
0|529522|
0|529523|
0|529524|
0|529525|
0|529526|
0|529527|
0|529528|
0|529529|
0|529530|
0|529531|
0|529532|
0|529533|
0|529534|
0|529535|
0|529536|
0|529537|
0|529538|
0|529539|
0|529540|
0|529541|
0|529542|
0|529543|
0|529544|
0|529545|
0|529546|
0|529547|
0|529548|
0|529549|
0|529550|
0|529551|
0|529552|
0|529553|
0|529554|
0|529555|
0|529556|
0|529557|
0|529558|
0|529559|
0|529560|
0|529561|
0|529562|
0|529563|
0|529564|
0|529565|
