0|25355|
0|25356|
0|25357|
0|25358|
0|25359|
0|25360|
0|25361|
0|25362|
0|25363|
0|25364|
0|25365|
0|25366|
0|25367|
0|25368|
0|25369|
0|25370|
0|25372|
0|25373|
0|25374|
0|25375|
0|25376|
0|25377|
0|25378|
0|25379|
0|25380|
0|25381|
0|25382|
0|25383|
0|25384|
0|25385|
0|25386|
0|25387|
0|25388|
0|25389|
0|25390|
0|25391|
0|25392|
0|25393|
0|25394|
0|25395|
0|25396|
0|25397|
0|25398|
0|25399|
0|25400|
0|25401|
0|25402|
0|25403|
0|25404|
0|25406|
0|25407|
0|25408|
0|25409|
0|25410|
0|25411|
0|25412|
0|25413|
