0|430737|
0|430738|
0|430739|
0|430740|
0|430741|
0|430742|
0|430743|
0|430744|
0|430745|
0|430746|
0|430747|
0|430748|
0|430749|
0|430750|
0|430751|
0|430752|
0|430753|
0|430754|
0|430755|
0|430756|
0|430757|
0|430758|
0|430759|
0|430760|
0|430761|
0|430762|
0|430763|
0|430764|
0|430765|
0|430766|
0|430767|
0|430768|
0|430769|
0|430770|
0|430771|
0|430772|
0|430773|
0|430774|
0|430775|
0|430776|
0|430777|
0|430778|
0|430779|
0|430780|
0|430781|
0|430782|
0|430783|
0|430784|
0|430785|
0|430786|
0|430787|
0|430788|
0|430789|
0|430790|
0|430791|
0|430792|
0|430793|
0|430794|
0|430795|
0|430796|
0|430797|
0|430798|
0|430799|
0|430800|
0|430801|
0|430802|
0|430803|
0|430804|
0|430805|
0|430806|
0|430807|
0|430808|
0|430809|
0|430810|
0|430811|
0|430812|
0|430813|
0|430814|
0|430815|
0|430816|
0|430817|
0|430818|
0|430819|
0|430820|
0|430821|
0|430822|
0|430823|
0|430824|
0|430825|
0|430826|
0|430827|
0|430828|
0|430829|
0|430830|
0|430831|
0|430832|
0|430833|
0|430834|
0|430835|
0|430836|
0|430837|
