0|254951|
0|254952|
0|254953|
0|254954|
0|254955|
0|254956|
0|254957|
0|254958|
0|254959|
0|254960|
0|254961|
0|254962|
0|254963|
0|254964|
0|254965|
0|254966|
0|254967|
0|254968|
0|254969|
0|254970|
0|254971|
0|254972|
0|254973|
0|254974|
0|254975|
0|254976|
0|254977|
0|254978|
0|254979|
0|254980|
0|254981|
0|254982|
0|254983|
0|254984|
0|254985|
0|254986|
0|254987|
0|254988|
0|254989|
0|254990|
0|254991|
0|254992|
0|254993|
0|254994|
0|254995|
0|254996|
0|254997|
0|254998|
0|254999|
0|255000|
0|255001|
0|255002|
0|255003|
0|255004|
0|255005|
0|255006|
0|255007|
0|255008|
0|255009|
0|255010|
0|255011|
0|255012|
0|255013|
0|255014|
0|255015|
0|255016|
0|255017|
0|255018|
0|255019|
0|255020|
0|255021|
0|255022|
0|255023|
0|255024|
0|255025|
0|255026|
0|255027|
0|255028|
0|255029|
0|255030|
0|255031|
0|255032|
0|255033|
0|255034|
0|255035|
0|255036|
0|255037|
0|255038|
0|255039|
0|255040|
0|255041|
0|255042|
0|255043|
0|255044|
0|255045|
0|255046|
0|255047|
0|255048|
0|255049|
0|255050|
0|255051|
0|255052|
0|255053|
0|255054|
0|255055|
