0|332045|
0|332046|
0|332047|
0|332048|
0|332049|
0|332050|
0|332051|
0|332052|
0|332053|
0|332054|
0|332055|
0|332056|
0|332057|
0|332058|
0|332059|
0|332060|
0|332061|
0|332062|
0|332063|
0|332064|
0|332065|
0|332066|
0|332067|
0|332068|
0|332069|
0|332070|
0|332071|
0|332072|
0|332073|
0|332074|
0|332075|
0|332076|
0|332077|
0|332078|
0|332079|
0|332080|
0|332081|
0|332082|
0|332083|
0|332084|
0|332085|
0|332086|
0|332087|
0|332088|
0|332089|
0|332090|
0|332091|
0|332092|
0|332093|
0|332094|
0|332095|
0|332096|
0|332097|
0|332098|
0|332099|
0|332100|
0|332101|
0|332102|
0|332103|
0|332104|
0|332105|
0|332106|
0|332107|
0|332108|
0|332109|
0|332110|
