0|731864|
0|731865|
0|731866|
0|731867|
0|731868|
0|731869|
0|731870|
0|731871|
0|731872|
0|731873|
0|731874|
0|731876|
0|731878|
0|731879|
0|731880|
0|731881|
0|731882|
0|731883|
0|731884|
0|731885|
0|731886|
0|731887|
0|731888|
0|731889|
0|731890|
0|731891|
0|731892|
0|731893|
0|731894|
0|731895|
0|731896|
0|731897|
0|731898|
0|731899|
0|731900|
0|731901|
0|731902|
0|731903|
0|731904|
0|731905|
0|731906|
0|731907|
0|731908|
0|731909|
0|731910|
0|731911|
0|731912|
0|731913|
0|731914|
0|731915|
0|731916|
0|731917|
0|731918|
0|731919|
0|731920|
0|731921|
0|731922|
0|731923|
0|731924|
0|731925|
0|731926|
0|731927|
0|731928|
0|731929|
0|731930|
0|731931|
0|731932|
0|731933|
0|731934|
0|731935|
0|731936|
0|731937|
0|731938|
0|731939|
0|731940|
0|731941|
0|731942|
0|731943|
0|731944|
0|731945|
0|731946|
0|731947|
0|731948|
0|731949|
0|731950|
0|731951|
0|731952|
0|731953|
0|731954|
0|731955|
0|731956|
0|731957|
0|731958|
0|731959|
0|731960|
0|731961|
0|731962|
0|731963|
0|731964|
0|731965|
0|731966|
0|731967|
0|731968|
0|731969|
0|731970|
