0|70232|
0|70233|
0|70234|
0|70235|
0|70236|
0|70237|
0|70238|
0|70239|
0|70240|
0|70241|
0|70242|
0|70243|
0|70244|
0|70245|
0|70246|
0|70247|
0|70248|
0|70249|
0|70250|
0|70251|
0|70252|
0|70253|
0|70254|
0|70255|
0|70256|
0|70257|
0|70258|
0|70259|
0|70260|
0|70261|
0|70262|
0|70263|
0|70264|
0|70265|
0|70266|
0|70267|
0|70268|
0|70269|
0|70270|
0|70271|
0|70272|
0|70273|
0|70274|
0|70275|
0|70276|
0|70277|
0|70278|
0|70279|
0|70280|
0|70281|
0|70282|
0|70283|
0|70284|
0|70285|
0|70286|
0|70287|
0|70288|
0|70289|
0|70290|
