0|495638|
0|495639|
0|495640|
0|495641|
0|495642|
0|495643|
0|495644|
0|495645|
0|495646|
0|495647|
0|495648|
0|495649|
0|495650|
0|495651|
0|495652|
0|495653|
0|495654|
0|495655|
0|495656|
0|495657|
0|495658|
0|495659|
0|495660|
0|495661|
0|495662|
0|495663|
0|495664|
0|495665|
0|495666|
0|495667|
0|495668|
0|495669|
0|495670|
0|495671|
0|495672|
0|495673|
0|495674|
0|495675|
0|495676|
0|495677|
0|495678|
0|495679|
0|495680|
0|495681|
0|495682|
0|495683|
0|495684|
0|495685|
0|495686|
0|495687|
0|495688|
0|495689|
0|495690|
0|495691|
0|495692|
0|495693|
0|495694|
0|495695|
0|495696|
0|495697|
0|495698|
0|495699|
0|495700|
0|495701|
0|495702|
0|495703|
0|495704|
0|495705|
0|495706|
0|495707|
0|495708|
0|495709|
0|495710|
0|495711|
0|495712|
0|495713|
0|495714|
0|495715|
0|495716|
0|495717|
0|495718|
