0|526104|
0|526105|
0|526106|
0|526107|
0|526108|
0|526109|
0|526110|
0|526111|
0|526112|
0|526113|
0|526114|
0|526115|
0|526116|
0|526117|
0|526118|
0|526119|
0|526120|
0|526121|
0|526122|
0|526123|
0|526124|
0|526125|
0|526126|
0|526127|
0|526128|
0|526129|
0|526130|
0|526131|
0|526132|
0|526133|
0|526134|
0|526135|
0|526136|
0|526137|
0|526138|
0|526139|
0|526140|
0|526141|
0|526142|
0|526143|
0|526144|
0|526145|
0|526146|
0|526147|
0|526148|
0|526149|
0|526150|
0|526151|
0|526152|
0|526153|
0|526154|
0|526155|
0|526156|
0|526157|
0|526158|
0|526159|
0|526160|
0|526161|
0|526162|
0|526163|
0|526164|
0|526165|
0|526166|
0|526167|
0|526168|
0|526169|
0|526170|
0|526171|
0|526172|
0|526173|
0|526174|
0|526175|
0|526176|
0|526177|
0|526178|
0|526179|
0|526180|
0|526181|
0|526182|
0|526183|
0|526184|
0|526185|
0|526186|
0|526187|
0|526188|
0|526189|
0|526190|
