0|700885|
0|700886|
0|700887|
0|700888|
0|700889|
0|700890|
0|700891|
0|700892|
0|700893|
0|700894|
0|700895|
0|700896|
0|700897|
0|700898|
0|700899|
0|700900|
0|700901|
0|700902|
0|700903|
0|700904|
0|700905|
0|700906|
0|700907|
0|700908|
0|700909|
0|700910|
0|700911|
0|700912|
0|700913|
0|700914|
0|700915|
0|700916|
0|700917|
0|700918|
0|700919|
0|700920|
0|700921|
0|700922|
0|700923|
0|700924|
0|700925|
0|700926|
0|700927|
0|700928|
0|700929|
0|700930|
0|700931|
0|700932|
0|700933|
0|700934|
0|700935|
0|700936|
0|700937|
0|700938|
0|700939|
0|700940|
0|700941|
0|700942|
0|700943|
0|700944|
0|700945|
0|700946|
0|700947|
0|700948|
0|700949|
0|700950|
0|700951|
0|700952|
0|700953|
0|700954|
0|700955|
0|700956|
0|700957|
0|700958|
0|700959|
0|700960|
