0|322883|
0|322884|
0|322885|
0|322886|
0|322887|
0|322888|
0|322889|
0|322890|
0|322891|
0|322892|
0|322893|
0|322894|
0|322895|
0|322896|
0|322897|
0|322898|
0|322899|
0|322900|
0|322901|
0|322902|
0|322903|
0|322904|
0|322905|
0|322906|
0|322907|
0|322908|
0|322909|
0|322910|
0|322911|
0|322912|
0|322913|
0|322914|
0|322915|
0|322916|
0|322917|
0|322918|
0|322919|
0|322920|
0|322921|
0|322922|
0|322923|
0|322924|
0|322925|
0|322926|
0|322927|
0|322928|
0|322929|
0|322930|
0|322931|
0|322932|
0|322933|
0|322934|
0|322935|
0|322936|
0|322937|
