0|240894|
0|240896|
0|240898|
0|240900|
0|240902|
0|240904|
0|240907|
0|240909|
0|240911|
0|240912|
0|240915|
0|240917|
0|240919|
0|240921|
0|240923|
0|240925|
0|240927|
0|240929|
0|240931|
0|240932|
0|240933|
0|240934|
0|240935|
0|240936|
0|240937|
0|240938|
0|240939|
0|240940|
0|240941|
0|240942|
0|240943|
0|240944|
0|240945|
0|240946|
0|240947|
0|240948|
0|240949|
0|240950|
0|240951|
0|240952|
0|240953|
0|240954|
0|240955|
0|240956|
0|240958|
0|240960|
0|240961|
0|240962|
0|240963|
0|240964|
0|240965|
0|240966|
0|240967|
0|240968|
0|240969|
0|240970|
0|240971|
0|240972|
0|240973|
0|240974|
0|240975|
0|240976|
0|240977|
0|240978|
0|240979|
0|240980|
0|240981|
