0|657786|
0|657787|
0|657788|
0|657789|
0|657790|
0|657791|
0|657792|
0|657793|
0|657794|
0|657795|
0|657796|
0|657797|
0|657798|
0|657799|
0|657800|
0|657801|
0|657802|
0|657803|
0|657804|
0|657805|
0|657806|
0|657807|
0|657808|
0|657809|
0|657810|
0|657811|
0|657812|
0|657813|
0|657814|
0|657815|
0|657816|
0|657817|
0|657818|
0|657819|
0|657820|
0|657821|
0|657822|
0|657823|
0|657824|
0|657825|
0|657826|
0|657827|
0|657828|
0|657829|
0|657830|
0|657831|
0|657832|
0|657833|
0|657834|
0|657835|
0|657836|
0|657837|
0|657838|
0|657839|
0|657840|
0|657841|
0|657842|
0|657843|
0|657844|
0|657845|
0|657846|
0|657847|
0|657848|
0|657849|
0|657850|
0|657851|
0|657852|
0|657853|
0|657854|
0|657855|
0|657856|
0|657857|
0|657858|
0|657859|
0|657860|
0|657861|
0|657862|
0|657863|
0|657864|
0|657865|
0|657866|
0|657867|
0|657868|
0|657869|
0|657870|
0|657871|
0|657872|
0|657873|
0|657874|
0|657875|
