0|688681|
0|688682|
0|688683|
0|688684|
0|688685|
0|688686|
0|688687|
0|688688|
0|688689|
0|688690|
0|688691|
0|688692|
0|688693|
0|688694|
0|688695|
0|688696|
0|688697|
0|688698|
0|688699|
0|688700|
0|688701|
0|688702|
0|688703|
0|688704|
0|688705|
0|688706|
0|688707|
0|688708|
0|688709|
0|688710|
0|688711|
0|688712|
0|688713|
0|688714|
0|688715|
0|688716|
0|688717|
0|688718|
0|688719|
0|688720|
0|688721|
0|688722|
0|688723|
0|688724|
0|688725|
0|688726|
0|688727|
0|688728|
0|688729|
0|688730|
0|688731|
0|688732|
0|688733|
0|688734|
0|688735|
0|688736|
0|688737|
0|688738|
0|688739|
0|688740|
0|688741|
0|688742|
0|688743|
0|688744|
0|688745|
0|688746|
0|688747|
0|688748|
0|688749|
0|688750|
0|688751|
0|688752|
0|688753|
0|688754|
0|688755|
0|688756|
0|688757|
0|688758|
0|688759|
0|688760|
0|688761|
0|688762|
0|688763|
0|688764|
0|688765|
0|688766|
0|688767|
