0|16875|
0|16876|
0|16877|
0|16878|
0|16879|
0|16880|
0|16881|
0|16882|
0|16883|
0|16884|
0|16885|
0|16886|
0|16887|
0|16888|
0|16889|
0|16890|
0|16891|
0|16892|
0|16893|
0|16894|
0|16895|
0|16896|
0|16897|
0|16898|
0|16899|
0|16900|
0|16901|
0|16902|
0|16903|
0|16904|
0|16905|
0|16906|
0|16907|
0|16908|
0|16909|
0|16910|
0|16911|
0|16912|
0|16913|
0|16914|
0|16915|
0|16916|
0|16917|
0|16918|
0|16919|
0|16920|
0|16921|
0|16922|
0|16923|
0|16924|
0|16925|
0|16926|
0|16927|
0|16928|
0|16929|
0|16930|
0|16931|
0|16932|
0|16933|
0|16934|
0|16935|
0|16936|
0|16937|
0|16938|
0|16939|
0|16940|
0|16941|
0|16942|
0|16943|
0|16944|
0|16945|
0|16946|
0|16947|
0|16948|
0|16949|
0|16950|
0|16951|
0|16952|
0|16953|
0|16954|
0|16955|
0|16956|
0|16957|
0|16958|
0|16959|
0|16960|
0|16961|
0|16962|
0|16963|
0|16964|
