0|37186|
0|37187|
0|37188|
0|37189|
0|37190|
0|37191|
0|37192|
0|37193|
0|37194|
0|37195|
0|37196|
0|37197|
0|37198|
0|37199|
0|37200|
0|37201|
0|37202|
0|37203|
0|37204|
0|37205|
0|37206|
0|37207|
0|37208|
0|37209|
0|37210|
0|37211|
0|37212|
0|37213|
0|37214|
0|37215|
0|37216|
0|37217|
0|37218|
0|37219|
0|37220|
0|37221|
0|37222|
0|37223|
0|37224|
0|37225|
0|37226|
0|37227|
0|37228|
0|37229|
0|37230|
0|37231|
0|37232|
0|37233|
0|37234|
0|37235|
0|37236|
0|37237|
0|37238|
0|37239|
0|37240|
0|37241|
0|37242|
0|37243|
0|37244|
