0|598335|
0|598336|
0|598337|
0|598338|
0|598339|
0|598340|
0|598341|
0|598342|
0|598343|
0|598344|
0|598345|
0|598346|
0|598347|
0|598348|
0|598349|
0|598350|
0|598351|
0|598352|
0|598353|
0|598354|
0|598355|
0|598356|
0|598357|
0|598358|
0|598359|
0|598360|
0|598361|
0|598362|
0|598363|
0|598364|
0|598365|
0|598366|
0|598367|
0|598368|
0|598369|
0|598370|
0|598371|
0|598372|
0|598373|
0|598374|
0|598375|
0|598376|
0|598377|
0|598378|
0|598379|
0|598380|
0|598381|
0|598382|
0|598383|
0|598384|
0|598385|
0|598386|
0|598387|
0|598388|
0|598389|
0|598390|
0|598391|
0|598392|
0|598393|
0|598394|
0|598395|
0|598396|
0|598397|
0|598398|
0|598399|
0|598400|
0|598401|
0|598402|
0|598403|
0|598404|
0|598405|
0|598406|
0|598407|
0|598408|
0|598409|
0|598410|
0|598411|
0|598412|
0|598413|
0|598414|
0|598415|
