0|653036|
0|653037|
0|653038|
0|653039|
0|653040|
0|653041|
0|653042|
0|653043|
0|653044|
0|653045|
0|653046|
0|653047|
0|653048|
0|653049|
0|653050|
0|653051|
0|653052|
0|653053|
0|653054|
0|653055|
0|653056|
0|653057|
0|653058|
0|653059|
0|653060|
0|653061|
0|653062|
0|653063|
0|653064|
0|653065|
0|653066|
0|653067|
0|653068|
0|653069|
0|653070|
0|653071|
0|653072|
0|653073|
0|653074|
0|653075|
0|653076|
0|653078|
0|653079|
0|653080|
0|653081|
0|653082|
0|653083|
0|653084|
0|653085|
0|653086|
0|653087|
0|653088|
0|653089|
0|653090|
0|653091|
0|653092|
0|653093|
0|653094|
0|653095|
0|653096|
0|653097|
0|653098|
0|653099|
0|653100|
0|653101|
0|653102|
0|653103|
0|653104|
0|653105|
0|653106|
0|653107|
0|653108|
0|653109|
0|653110|
0|653111|
0|653112|
0|653113|
0|653114|
0|653115|
0|653116|
0|653117|
0|653118|
0|653119|
0|653120|
0|653121|
0|653122|
0|653123|
0|653124|
0|653125|
0|653126|
0|653127|
0|653128|
0|653129|
0|653130|
0|653131|
0|653132|
0|653133|
0|653134|
0|653135|
0|653136|
0|653137|
0|653138|
0|653139|
0|653140|
0|653141|
0|653142|
0|653143|
0|653144|
0|653145|
0|653146|
0|653147|
0|653148|
0|653149|
0|653150|
