0|580834|
0|580835|
0|580836|
0|580837|
0|580838|
0|580839|
0|580840|
0|580841|
0|580842|
0|580843|
0|580844|
0|580845|
0|580846|
0|580847|
0|580848|
0|580849|
0|580850|
0|580851|
0|580852|
0|580853|
0|580854|
0|580855|
0|580856|
0|580857|
0|580858|
0|580859|
0|580860|
0|580861|
0|580862|
0|580863|
0|580864|
0|580865|
0|580866|
0|580867|
0|580868|
0|580869|
0|580870|
0|580871|
0|580873|
0|580875|
0|580877|
0|580879|
0|580881|
0|580883|
0|580885|
0|580887|
0|580889|
0|580891|
0|580893|
0|580895|
0|580897|
0|580899|
0|580901|
0|580903|
0|580905|
0|580907|
0|580909|
0|580911|
0|580913|
0|580915|
0|580917|
0|580919|
0|580921|
0|580923|
0|580925|
0|580927|
