0|425668|
0|425669|
0|425670|
0|425671|
0|425672|
0|425673|
0|425674|
0|425675|
0|425676|
0|425678|
0|425679|
0|425680|
0|425681|
0|425682|
0|425683|
0|425684|
0|425685|
0|425686|
0|425687|
0|425688|
0|425689|
0|425690|
0|425691|
0|425692|
0|425693|
0|425694|
0|425695|
0|425696|
0|425697|
0|425698|
0|425699|
0|425700|
0|425701|
0|425702|
0|425703|
0|425704|
0|425705|
0|425706|
0|425707|
0|425708|
0|425709|
0|425710|
0|425711|
0|425712|
0|425713|
0|425714|
0|425715|
0|425716|
0|425717|
0|425718|
0|425719|
0|425720|
0|425721|
