0|241354|
0|241355|
0|241356|
0|241357|
0|241358|
0|241359|
0|241360|
0|241361|
0|241362|
0|241363|
0|241364|
0|241365|
0|241366|
0|241367|
0|241368|
0|241369|
0|241370|
0|241371|
0|241372|
0|241373|
0|241374|
0|241375|
0|241376|
0|241377|
0|241378|
0|241379|
0|241380|
0|241381|
0|241382|
0|241383|
0|241384|
0|241385|
0|241386|
0|241387|
0|241388|
0|241389|
0|241390|
0|241391|
0|241392|
0|241393|
0|241394|
0|241395|
0|241396|
0|241397|
0|241398|
0|241399|
0|241400|
0|241401|
0|241402|
0|241403|
0|241404|
0|241405|
0|241406|
0|241407|
0|241408|
0|241409|
0|241410|
0|241411|
0|241412|
0|241413|
0|241414|
0|241415|
0|241416|
0|241417|
0|241418|
0|241419|
0|241420|
0|241421|
0|241422|
