0|666228|
0|666229|
0|666230|
0|666231|
0|666232|
0|666233|
0|666234|
0|666235|
0|666236|
0|666237|
0|666238|
0|666239|
0|666240|
0|666241|
0|666242|
0|666243|
0|666244|
0|666245|
0|666246|
0|666247|
0|666248|
0|666249|
0|666250|
0|666251|
0|666252|
0|666253|
0|666254|
0|666255|
0|666256|
0|666257|
0|666258|
0|666259|
0|666260|
0|666261|
0|666262|
0|666263|
0|666264|
0|666265|
0|666266|
0|666267|
0|666268|
0|666269|
0|666270|
0|666271|
0|666272|
0|666273|
0|666274|
0|666275|
0|666276|
0|666277|
0|666278|
0|666279|
0|666280|
0|666281|
0|666282|
0|666283|
0|666284|
0|666285|
0|666286|
0|666287|
0|666288|
0|666289|
0|666290|
0|666291|
0|666292|
0|666293|
0|666294|
0|666295|
0|666296|
0|666297|
0|666298|
0|666299|
0|666300|
0|666301|
0|666302|
0|666303|
0|666304|
0|666305|
0|666306|
0|666307|
0|666308|
0|666309|
0|666310|
0|666311|
0|666312|
0|666313|
0|666314|
0|666315|
0|666316|
0|666317|
0|666318|
0|666319|
0|666320|
0|666321|
