0|667990|
0|667991|
0|667992|
0|667993|
0|667994|
0|667995|
0|667996|
0|667997|
0|667998|
0|667999|
0|668000|
0|668001|
0|668002|
0|668003|
0|668004|
0|668005|
0|668006|
0|668007|
0|668008|
0|668009|
0|668010|
0|668011|
0|668012|
0|668013|
0|668014|
0|668015|
0|668016|
0|668017|
0|668018|
0|668019|
0|668020|
0|668021|
0|668022|
0|668023|
0|668024|
0|668025|
0|668026|
0|668027|
0|668028|
0|668029|
0|668030|
0|668031|
0|668032|
0|668033|
0|668034|
0|668035|
0|668036|
0|668037|
0|668038|
0|668039|
0|668040|
