0|6009|
0|6010|
0|6011|
0|6012|
0|6013|
0|6014|
0|6015|
0|6016|
0|6017|
0|6018|
0|6019|
0|6020|
0|6021|
0|6022|
0|6023|
0|6024|
0|6025|
0|6026|
0|6027|
0|6028|
0|6029|
0|6030|
0|6031|
0|6032|
0|6033|
0|6034|
0|6035|
0|6036|
0|6037|
0|6038|
0|6039|
0|6040|
0|6041|
0|6042|
0|6043|
0|6044|
0|6045|
0|6046|
0|6047|
0|6048|
0|6049|
0|6050|
0|6051|
0|6052|
0|6053|
0|6054|
0|6055|
0|6056|
0|6057|
0|6058|
0|6059|
0|6060|
0|6061|
0|6062|
0|6063|
0|6064|
0|6065|
0|6066|
0|6067|
0|6068|
0|6069|
0|6070|
0|6071|
0|6072|
0|6073|
0|6074|
0|6075|
0|6076|
0|6077|
0|6078|
0|6079|
0|6080|
0|6081|
0|6082|
0|6083|
0|6084|
0|6085|
0|6086|
0|6087|
0|6088|
0|6089|
0|6090|
0|6091|
0|6092|
0|6093|
0|6094|
0|6095|
0|6096|
0|6097|
0|6098|
0|6099|
0|6100|
0|6101|
0|6102|
0|6103|
0|6104|
0|6105|
