0|194212|
0|194213|
0|194214|
0|194215|
0|194216|
0|194217|
0|194218|
0|194219|
0|194220|
0|194221|
0|194222|
0|194223|
0|194224|
0|194225|
0|194226|
0|194227|
0|194228|
0|194229|
0|194230|
0|194231|
0|194232|
0|194233|
0|194234|
0|194235|
0|194236|
0|194237|
0|194238|
0|194239|
0|194240|
0|194241|
0|194242|
0|194243|
0|194244|
0|194245|
0|194246|
0|194247|
0|194248|
0|194249|
0|194250|
0|194251|
0|194252|
0|194253|
0|194254|
0|194255|
0|194256|
0|194257|
0|194258|
0|194259|
0|194260|
0|194261|
0|194262|
0|194263|
0|194264|
0|194265|
0|194266|
0|194267|
0|194268|
0|194269|
0|194270|
0|194271|
0|194272|
0|194273|
0|194274|
0|194275|
0|194276|
0|194277|
0|194278|
0|194279|
0|194280|
0|194281|
0|194282|
0|194283|
0|194284|
0|194285|
0|194286|
0|194287|
0|194288|
0|194289|
0|194290|
0|194291|
0|194292|
0|194293|
0|194294|
0|194295|
0|194296|
0|194297|
0|194298|
0|194299|
0|194300|
0|194301|
