0|158443|
0|158444|
0|158445|
0|158446|
0|158447|
0|158448|
0|158449|
0|158450|
0|158451|
0|158452|
0|158453|
0|158454|
0|158455|
0|158456|
0|158457|
0|158458|
0|158459|
0|158460|
0|158461|
0|158462|
0|158463|
0|158464|
0|158465|
0|158466|
0|158467|
0|158468|
0|158469|
0|158470|
0|158471|
0|158472|
0|158473|
0|158474|
0|158475|
0|158476|
0|158477|
0|158478|
0|158479|
0|158480|
0|158481|
0|158482|
0|158483|
0|158484|
0|158485|
0|158486|
0|158487|
0|158488|
0|158489|
0|158490|
0|158491|
0|158492|
0|158493|
0|158494|
0|158495|
0|158496|
0|158497|
0|158498|
0|158499|
0|158500|
0|158501|
0|158502|
0|158503|
