0|268463|
0|268464|
0|268465|
0|268466|
0|268467|
0|268468|
0|268469|
0|268470|
0|268471|
0|268472|
0|268473|
0|268474|
0|268475|
0|268476|
0|268477|
0|268478|
0|268479|
0|268480|
0|268481|
0|268482|
0|268483|
0|268484|
0|268485|
0|268486|
0|268487|
0|268488|
0|268489|
0|268490|
0|268491|
0|268493|
0|268495|
0|268497|
0|268499|
0|268501|
0|268503|
0|268505|
0|268506|
0|268507|
0|268508|
0|268509|
0|268510|
0|268511|
0|268512|
0|268513|
0|268514|
0|268515|
0|268516|
0|268517|
0|268518|
0|268519|
0|268520|
0|268521|
0|268522|
0|268523|
0|268524|
0|268525|
0|268526|
0|268527|
