0|330088|
0|330089|
0|330090|
0|330091|
0|330092|
0|330093|
0|330094|
0|330095|
0|330096|
0|330097|
0|330098|
0|330099|
0|330100|
0|330101|
0|330102|
0|330103|
0|330104|
0|330105|
0|330106|
0|330107|
0|330108|
0|330109|
0|330110|
0|330111|
0|330112|
0|330113|
0|330114|
0|330115|
0|330116|
0|330117|
0|330118|
0|330119|
0|330120|
0|330121|
0|330122|
0|330123|
0|330124|
0|330125|
0|330126|
0|330127|
0|330128|
0|330129|
0|330130|
0|330131|
0|330132|
0|330133|
0|330134|
0|330135|
0|330136|
0|330137|
0|330138|
0|330139|
0|330140|
0|330141|
0|330142|
0|330143|
0|330144|
0|330145|
0|330146|
0|330147|
0|330148|
0|330149|
0|330150|
0|330151|
0|330152|
0|330153|
0|330154|
0|330155|
0|330156|
0|330157|
0|330158|
0|330159|
0|330160|
0|330161|
0|330162|
0|330163|
0|330164|
0|330165|
0|330166|
0|330167|
0|330168|
0|330169|
0|330170|
0|330171|
0|330172|
0|330173|
0|330174|
0|330175|
0|330176|
0|330178|
0|330180|
0|330181|
0|330182|
0|330183|
0|330184|
0|330185|
0|330186|
0|330187|
0|330188|
0|330189|
0|330190|
0|330191|
0|330192|
0|330193|
0|330194|
0|330195|
0|330196|
