0|591365|
0|591366|
0|591367|
0|591368|
0|591369|
0|591370|
0|591371|
0|591372|
0|591373|
0|591374|
0|591375|
0|591376|
0|591377|
0|591378|
0|591379|
0|591380|
0|591381|
0|591382|
0|591383|
0|591384|
0|591385|
0|591386|
0|591387|
0|591388|
0|591389|
0|591390|
0|591391|
0|591392|
0|591393|
0|591394|
0|591395|
0|591396|
0|591397|
0|591398|
0|591399|
0|591400|
0|591401|
0|591402|
0|591403|
0|591404|
0|591405|
0|591406|
0|591407|
0|591409|
0|591410|
0|591411|
0|591412|
0|591413|
0|591414|
0|591415|
0|591416|
0|591417|
0|591418|
0|591419|
0|591420|
0|591421|
0|591422|
0|591423|
0|591424|
0|591425|
0|591426|
0|591427|
0|591428|
0|591429|
0|591430|
0|591431|
0|591432|
0|591433|
0|591434|
0|591435|
0|591436|
0|591437|
0|591438|
0|591439|
0|591440|
0|591441|
0|591442|
0|591443|
0|591444|
0|591445|
0|591446|
0|591447|
0|591448|
0|591449|
0|591450|
0|591451|
0|591452|
0|591453|
0|591454|
0|591455|
0|591456|
0|591457|
0|591458|
0|591459|
0|591460|
0|591461|
0|591462|
0|591463|
0|591464|
0|591465|
0|591466|
0|591467|
0|591468|
0|591469|
0|591470|
0|591471|
0|591472|
