0|500492|
0|500493|
0|500494|
0|500495|
0|500496|
0|500497|
0|500498|
0|500499|
0|500500|
0|500501|
0|500502|
0|500503|
0|500504|
0|500505|
0|500506|
0|500507|
0|500508|
0|500509|
0|500510|
0|500511|
0|500512|
0|500513|
0|500514|
0|500515|
0|500516|
0|500517|
0|500518|
0|500519|
0|500520|
0|500521|
0|500522|
0|500523|
0|500524|
0|500525|
0|500526|
0|500527|
0|500528|
0|500529|
0|500530|
0|500531|
0|500532|
0|500533|
0|500534|
0|500535|
0|500536|
0|500537|
0|500538|
0|500539|
0|500540|
0|500541|
0|500542|
0|500543|
0|500544|
0|500545|
0|500546|
0|500547|
0|500548|
0|500549|
0|500550|
0|500551|
0|500552|
0|500553|
0|500554|
0|500555|
0|500556|
0|500557|
0|500558|
0|500559|
0|500560|
0|500561|
0|500562|
0|500563|
0|500564|
0|500565|
0|500566|
0|500567|
0|500568|
0|500569|
0|500570|
0|500571|
0|500572|
0|500573|
0|500574|
0|500575|
0|500576|
0|500577|
0|500578|
0|500579|
0|500580|
0|500581|
0|500582|
0|500583|
0|500584|
0|500585|
0|500586|
0|500587|
0|500588|
0|500589|
0|500590|
0|500591|
0|500592|
0|500593|
