0|580644|
0|580645|
0|580646|
0|580647|
0|580648|
0|580649|
0|580650|
0|580651|
0|580652|
0|580653|
0|580654|
0|580655|
0|580656|
0|580657|
0|580658|
0|580659|
0|580660|
0|580661|
0|580662|
0|580663|
0|580664|
0|580665|
0|580666|
0|580667|
0|580668|
0|580669|
0|580670|
0|580671|
0|580672|
0|580673|
0|580674|
0|580675|
0|580676|
0|580677|
0|580678|
0|580679|
0|580680|
0|580681|
0|580682|
0|580683|
0|580684|
0|580685|
0|580686|
0|580687|
0|580688|
0|580689|
0|580690|
0|580691|
0|580692|
0|580693|
0|580694|
0|580695|
0|580696|
0|580697|
0|580698|
0|580699|
0|580700|
0|580701|
0|580702|
0|580703|
0|580704|
0|580705|
0|580706|
0|580707|
0|580708|
0|580709|
0|580710|
0|580711|
0|580712|
0|580713|
0|580714|
0|580715|
0|580716|
0|580717|
0|580718|
0|580719|
0|580720|
0|580721|
0|580722|
0|580723|
0|580724|
0|580725|
0|580726|
0|580727|
0|580728|
0|580729|
0|580730|
0|580731|
