0|317808|
0|317809|
0|317810|
0|317811|
0|317812|
0|317813|
0|317814|
0|317815|
0|317816|
0|317817|
0|317818|
0|317819|
0|317820|
0|317821|
0|317822|
0|317823|
0|317824|
0|317825|
0|317826|
0|317827|
0|317828|
0|317829|
0|317830|
0|317831|
0|317832|
0|317833|
0|317834|
0|317835|
0|317836|
0|317837|
0|317838|
0|317839|
0|317840|
0|317841|
0|317842|
0|317843|
0|317844|
0|317845|
0|317846|
0|317847|
0|317848|
0|317849|
0|317850|
0|317851|
0|317852|
0|317853|
0|317854|
0|317855|
0|317856|
0|317857|
0|317858|
0|317859|
0|317860|
0|317861|
0|317862|
0|317863|
0|317864|
0|317865|
0|317866|
0|317867|
0|317868|
0|317869|
0|317870|
0|317871|
0|317872|
0|317873|
0|317874|
0|317875|
0|317876|
0|317877|
0|317878|
0|317879|
0|317880|
0|317881|
0|317882|
0|317883|
0|317884|
0|317885|
0|317886|
0|317887|
0|317888|
0|317889|
0|317890|
0|317891|
0|317892|
0|317893|
0|317894|
0|317895|
0|317896|
0|317897|
0|317898|
0|317899|
0|317900|
0|317901|
0|317902|
0|317903|
0|317904|
0|317905|
0|317906|
0|317907|
0|317908|
0|317909|
0|317911|
0|317912|
0|317913|
0|317914|
0|317915|
0|317916|
0|317917|
0|317918|
0|317919|
