0|347349|
0|347350|
0|347351|
0|347352|
0|347353|
0|347354|
0|347355|
0|347356|
0|347357|
0|347358|
0|347359|
0|347360|
0|347361|
0|347362|
0|347363|
0|347364|
0|347365|
0|347366|
0|347367|
0|347368|
0|347369|
0|347370|
0|347371|
0|347372|
0|347373|
0|347374|
0|347375|
0|347376|
0|347377|
0|347378|
0|347379|
0|347380|
0|347381|
0|347382|
0|347383|
0|347384|
0|347385|
0|347386|
0|347387|
0|347388|
0|347389|
0|347390|
0|347391|
0|347392|
0|347393|
0|347394|
0|347395|
0|347396|
0|347397|
0|347398|
