0|505600|
0|505601|
0|505602|
0|505603|
0|505604|
0|505605|
0|505606|
0|505607|
0|505608|
0|505609|
0|505610|
0|505611|
0|505612|
0|505613|
0|505614|
0|505615|
0|505616|
0|505617|
0|505618|
0|505619|
0|505620|
0|505621|
0|505622|
0|505623|
0|505624|
0|505625|
0|505626|
0|505627|
0|505628|
0|505629|
0|505630|
0|505631|
0|505632|
0|505633|
0|505634|
0|505635|
0|505636|
0|505637|
0|505638|
0|505639|
0|505640|
0|505641|
0|505642|
0|505643|
0|505644|
0|505645|
0|505646|
0|505647|
0|505648|
0|505649|
0|505650|
0|505651|
0|505652|
0|505653|
0|505654|
0|505655|
0|505656|
0|505657|
0|505658|
0|505659|
0|505660|
0|505661|
0|505662|
0|505663|
0|505664|
0|505665|
0|505666|
0|505667|
0|505668|
0|505669|
0|505670|
0|505671|
0|505672|
0|505673|
0|505674|
0|505675|
0|505676|
0|505677|
0|505678|
