0|105962|
0|105963|
0|105964|
0|105965|
0|105966|
0|105967|
0|105968|
0|105969|
0|105970|
0|105971|
0|105972|
0|105973|
0|105974|
0|105975|
0|105976|
0|105977|
0|105978|
0|105979|
0|105980|
0|105981|
0|105982|
0|105983|
0|105984|
0|105985|
0|105986|
0|105987|
0|105988|
0|105989|
0|105990|
0|105991|
0|105992|
0|105993|
0|105994|
0|105995|
0|105996|
0|105997|
0|105998|
0|105999|
0|106000|
0|106001|
0|106002|
0|106003|
0|106004|
0|106005|
0|106006|
0|106007|
0|106008|
0|106009|
0|106010|
0|106011|
0|106012|
0|106013|
0|106014|
0|106015|
0|106016|
0|106017|
0|106018|
