0|556353|
0|556354|
0|556355|
0|556356|
0|556357|
0|556358|
0|556359|
0|556360|
0|556361|
0|556362|
0|556363|
0|556364|
0|556365|
0|556366|
0|556367|
0|556368|
0|556369|
0|556370|
0|556371|
0|556372|
0|556373|
0|556374|
0|556375|
0|556376|
0|556377|
0|556378|
0|556379|
0|556380|
0|556381|
0|556382|
0|556383|
0|556384|
0|556385|
0|556386|
0|556387|
0|556388|
0|556389|
0|556390|
0|556391|
0|556392|
0|556393|
0|556394|
0|556395|
0|556396|
0|556397|
0|556398|
0|556399|
0|556400|
0|556401|
0|556402|
0|556403|
0|556404|
0|556405|
0|556406|
0|556407|
0|556408|
0|556409|
0|556410|
0|556411|
0|556412|
0|556413|
0|556414|
0|556415|
0|556416|
0|556417|
0|556418|
0|556419|
0|556420|
0|556421|
0|556422|
0|556423|
0|556424|
0|556425|
0|556426|
0|556427|
0|556428|
0|556429|
0|556430|
0|556431|
0|556432|
