0|729872|
0|729873|
0|729874|
0|729875|
0|729876|
0|729877|
0|729878|
0|729879|
0|729880|
0|729881|
0|729882|
0|729883|
0|729884|
0|729885|
0|729886|
0|729887|
0|729888|
0|729889|
0|729890|
0|729891|
0|729892|
0|729893|
0|729894|
0|729895|
0|729896|
0|729897|
0|729898|
0|729899|
0|729900|
0|729901|
0|729902|
0|729903|
0|729904|
0|729905|
0|729906|
0|729907|
0|729908|
0|729909|
0|729910|
0|729911|
0|729912|
0|729913|
0|729914|
0|729915|
0|729916|
0|729917|
0|729918|
0|729919|
0|729920|
0|729921|
0|729922|
0|729923|
0|729924|
0|729925|
0|729926|
0|729927|
0|729928|
0|729929|
0|729930|
0|729931|
0|729932|
0|729933|
0|729934|
0|729935|
0|729936|
0|729937|
0|729938|
0|729939|
0|729940|
0|729941|
0|729942|
0|729943|
0|729944|
0|729945|
0|729946|
0|729947|
0|729948|
0|729949|
0|729950|
0|729951|
0|729952|
0|729953|
0|729954|
0|729955|
0|729956|
0|729957|
0|729958|
0|729959|
