0|691754|
0|691755|
0|691756|
0|691757|
0|691758|
0|691759|
0|691760|
0|691761|
0|691762|
0|691763|
0|691764|
0|691765|
0|691766|
0|691767|
0|691768|
0|691769|
0|691770|
0|691771|
0|691772|
0|691773|
0|691774|
0|691775|
0|691776|
0|691777|
0|691778|
0|691779|
0|691780|
0|691781|
0|691782|
0|691783|
0|691784|
0|691785|
0|691786|
0|691787|
0|691788|
0|691789|
0|691790|
0|691791|
0|691792|
0|691793|
0|691794|
0|691795|
0|691796|
0|691797|
0|691798|
0|691799|
0|691800|
0|691801|
0|691802|
0|691803|
0|691804|
0|691805|
0|691806|
0|691807|
0|691808|
0|691809|
0|691810|
0|691811|
0|691812|
0|691813|
0|691814|
0|691815|
0|691816|
0|691817|
0|691818|
0|691819|
0|691820|
0|691821|
0|691822|
0|691823|
0|691824|
0|691825|
0|691826|
0|691827|
0|691828|
0|691829|
0|691830|
0|691831|
0|691832|
0|691833|
0|691834|
