0|164209|
0|164210|
0|164211|
0|164212|
0|164213|
0|164214|
0|164215|
0|164216|
0|164217|
0|164218|
0|164219|
0|164220|
0|164221|
0|164222|
0|164223|
0|164224|
0|164225|
0|164226|
0|164227|
0|164228|
0|164229|
0|164230|
0|164231|
0|164232|
0|164233|
0|164234|
0|164235|
0|164236|
0|164237|
0|164238|
0|164239|
0|164240|
0|164241|
0|164242|
0|164243|
0|164244|
0|164245|
0|164246|
0|164247|
0|164248|
0|164249|
0|164250|
0|164251|
0|164252|
0|164253|
0|164254|
0|164255|
0|164256|
0|164257|
0|164258|
0|164259|
0|164260|
0|164261|
0|164262|
0|164263|
0|164264|
0|164265|
0|164266|
0|164267|
0|164268|
0|164269|
0|164270|
0|164271|
0|164272|
