0|253477|
0|253478|
0|253479|
0|253480|
0|253481|
0|253482|
0|253483|
0|253484|
0|253485|
0|253486|
0|253487|
0|253488|
0|253489|
0|253490|
0|253491|
0|253492|
0|253493|
0|253494|
0|253495|
0|253496|
0|253497|
0|253498|
0|253499|
0|253500|
0|253501|
0|253502|
0|253503|
0|253504|
0|253505|
0|253506|
0|253507|
0|253508|
0|253509|
0|253510|
0|253511|
0|253512|
0|253513|
0|253514|
0|253515|
0|253516|
0|253517|
0|253518|
0|253519|
0|253520|
0|253521|
0|253522|
0|253523|
0|253524|
0|253525|
0|253526|
0|253527|
0|253528|
0|253529|
0|253530|
0|253531|
0|253532|
0|253533|
0|253534|
0|253535|
0|253536|
0|253537|
0|253538|
0|253539|
0|253540|
0|253541|
0|253542|
0|253543|
0|253544|
0|253545|
0|253546|
0|253547|
0|253548|
0|253549|
0|253550|
0|253551|
0|253552|
0|253553|
0|253554|
0|253555|
0|253556|
0|253557|
0|253558|
0|253559|
0|253560|
0|253561|
0|253562|
0|253563|
0|253564|
0|253565|
0|253566|
0|253567|
0|253568|
0|253569|
0|253570|
0|253571|
0|253572|
0|253573|
0|253574|
0|253575|
0|253576|
0|253577|
0|253578|
0|253579|
0|253580|
0|253581|
0|253582|
0|253583|
0|253584|
0|253585|
