0|612698|
0|612699|
0|612700|
0|612701|
0|612702|
0|612703|
0|612704|
0|612705|
0|612706|
0|612707|
0|612708|
0|612709|
0|612710|
0|612711|
0|612712|
0|612713|
0|612714|
0|612715|
0|612716|
0|612717|
0|612719|
0|612721|
0|612723|
0|612725|
0|612727|
0|612729|
0|612731|
0|612733|
0|612735|
0|612737|
0|612739|
0|612741|
0|612743|
0|612744|
0|612745|
0|612746|
0|612747|
0|612748|
0|612749|
0|612750|
0|612751|
0|612752|
0|612753|
0|612754|
0|612755|
0|612756|
0|612757|
0|612758|
0|612759|
0|612760|
0|612761|
0|612762|
0|612763|
0|612764|
0|612765|
0|612766|
0|612767|
0|612768|
0|612769|
0|612770|
0|612771|
0|612772|
0|612773|
0|612774|
0|612775|
0|612776|
0|612777|
0|612778|
0|612779|
0|612780|
