0|42077|
0|42078|
0|42079|
0|42080|
0|42081|
0|42082|
0|42083|
0|42084|
0|42085|
0|42086|
0|42087|
0|42088|
0|42089|
0|42090|
0|42091|
0|42092|
0|42093|
0|42094|
0|42095|
0|42096|
0|42097|
0|42098|
0|42099|
0|42100|
0|42101|
0|42102|
0|42103|
0|42104|
0|42105|
0|42106|
0|42107|
0|42108|
0|42109|
0|42110|
0|42111|
0|42112|
0|42113|
0|42114|
0|42115|
0|42116|
0|42117|
0|42118|
0|42119|
0|42120|
0|42121|
0|42122|
0|42123|
0|42124|
0|42125|
0|42126|
0|42127|
0|42128|
0|42129|
0|42130|
0|42131|
0|42132|
0|42133|
0|42135|
0|42136|
0|42137|
0|42138|
0|42139|
0|42140|
0|42141|
0|42142|
0|42143|
0|42144|
0|42145|
0|42146|
0|42147|
0|42148|
0|42149|
0|42150|
0|42151|
0|42152|
0|42153|
0|42154|
0|42155|
0|42156|
0|42157|
0|42158|
0|42159|
0|42160|
0|42161|
0|42162|
0|42163|
0|42164|
0|42165|
0|42166|
0|42167|
0|42168|
0|42169|
0|42170|
0|42171|
0|42172|
0|42173|
0|42174|
0|42175|
0|42176|
0|42177|
0|42178|
0|42179|
0|42180|
0|42181|
0|42182|
0|42183|
0|42184|
0|42185|
0|42186|
0|42187|
0|42188|
0|42189|
0|42190|
0|42191|
0|42192|
0|42193|
0|42194|
0|42195|
0|42196|
0|42197|
0|42198|
0|42199|
0|42200|
0|42201|
0|42202|
