0|255555|
0|255556|
0|255557|
0|255558|
0|255559|
0|255560|
0|255561|
0|255562|
0|255563|
0|255564|
0|255565|
0|255566|
0|255567|
0|255568|
0|255569|
0|255570|
0|255571|
0|255572|
0|255573|
0|255574|
0|255575|
0|255576|
0|255577|
0|255578|
0|255579|
0|255580|
0|255581|
0|255582|
0|255583|
0|255584|
0|255585|
0|255586|
0|255587|
0|255588|
0|255589|
0|255590|
0|255591|
0|255592|
0|255593|
0|255594|
0|255595|
0|255596|
0|255597|
0|255598|
0|255599|
0|255600|
0|255601|
0|255602|
0|255603|
0|255604|
0|255605|
0|255606|
