0|520854|
0|520856|
0|520858|
0|520860|
0|520862|
0|520864|
0|520865|
0|520866|
0|520867|
0|520868|
0|520869|
0|520870|
0|520871|
0|520872|
0|520873|
0|520874|
0|520875|
0|520876|
0|520877|
0|520878|
0|520879|
0|520880|
0|520881|
0|520882|
0|520883|
0|520884|
0|520885|
0|520886|
0|520887|
0|520888|
0|520889|
0|520890|
0|520891|
0|520892|
0|520893|
0|520894|
0|520895|
0|520896|
0|520897|
0|520898|
0|520899|
0|520900|
0|520901|
0|520902|
0|520903|
0|520904|
0|520905|
0|520906|
0|520907|
0|520908|
0|520909|
0|520910|
0|520911|
0|520912|
0|520913|
0|520914|
0|520915|
0|520916|
0|520917|
0|520918|
0|520919|
0|520920|
0|520921|
0|520922|
0|520923|
0|520924|
0|520925|
0|520926|
0|520927|
0|520928|
0|520929|
0|520930|
0|520931|
0|520932|
0|520933|
0|520934|
0|520935|
