0|256275|
0|256276|
0|256277|
0|256278|
0|256279|
0|256280|
0|256281|
0|256282|
0|256283|
0|256284|
0|256285|
0|256286|
0|256287|
0|256288|
0|256289|
0|256290|
0|256291|
0|256292|
0|256293|
0|256294|
0|256295|
0|256296|
0|256297|
0|256298|
0|256299|
0|256300|
0|256301|
0|256302|
0|256303|
0|256304|
0|256305|
0|256306|
0|256307|
0|256308|
0|256309|
0|256310|
0|256311|
0|256312|
0|256313|
0|256314|
0|256315|
0|256316|
0|256317|
0|256318|
0|256319|
0|256320|
0|256321|
0|256322|
0|256323|
0|256324|
0|256325|
0|256326|
0|256327|
0|256328|
0|256329|
0|256330|
0|256331|
0|256332|
0|256333|
0|256334|
0|256335|
0|256336|
0|256337|
0|256338|
0|256339|
0|256340|
0|256341|
0|256342|
0|256343|
0|256344|
0|256345|
0|256346|
0|256347|
0|256348|
0|256349|
0|256350|
0|256351|
0|256352|
0|256353|
0|256354|
0|256355|
0|256356|
0|256357|
0|256358|
0|256359|
0|256360|
0|256361|
0|256362|
0|256363|
0|256364|
0|256365|
0|256366|
0|256367|
0|256368|
0|256369|
0|256370|
0|256371|
0|256372|
0|256373|
0|256374|
0|256375|
0|256376|
0|256377|
0|256378|
0|256379|
0|256380|
0|256381|
0|256382|
