0|356784|
0|356785|
0|356786|
0|356787|
0|356788|
0|356789|
0|356790|
0|356791|
0|356792|
0|356793|
0|356794|
0|356795|
0|356796|
0|356797|
0|356798|
0|356799|
0|356800|
0|356801|
0|356802|
0|356803|
0|356804|
0|356806|
0|356808|
0|356810|
0|356812|
0|356813|
0|356814|
0|356815|
0|356816|
0|356817|
0|356818|
0|356819|
0|356820|
0|356821|
0|356822|
0|356823|
0|356824|
0|356825|
0|356826|
0|356827|
0|356828|
0|356829|
0|356830|
0|356831|
0|356832|
0|356833|
0|356834|
0|356835|
0|356836|
0|356837|
0|356838|
0|356839|
0|356840|
0|356841|
0|356842|
0|356843|
0|356844|
0|356845|
0|356846|
0|356847|
0|356848|
0|356849|
0|356850|
0|356851|
0|356852|
0|356853|
0|356854|
0|356855|
0|356856|
0|356857|
0|356858|
