0|194873|
0|194874|
0|194875|
0|194876|
0|194877|
0|194878|
0|194879|
0|194880|
0|194881|
0|194882|
0|194883|
0|194884|
0|194885|
0|194886|
0|194887|
0|194888|
0|194889|
0|194890|
0|194891|
0|194892|
0|194893|
0|194894|
0|194895|
0|194896|
0|194897|
0|194898|
0|194899|
0|194900|
0|194901|
0|194902|
0|194903|
0|194904|
0|194905|
0|194906|
0|194907|
0|194908|
0|194909|
0|194910|
0|194911|
0|194912|
0|194913|
0|194914|
0|194915|
0|194916|
0|194917|
0|194918|
0|194919|
0|194920|
0|194921|
0|194922|
0|194923|
0|194924|
0|194925|
