0|6238|
0|6239|
0|6240|
0|6241|
0|6242|
0|6243|
0|6244|
0|6245|
0|6246|
0|6247|
0|6248|
0|6249|
0|6250|
0|6251|
0|6252|
0|6253|
0|6254|
0|6255|
0|6256|
0|6257|
0|6258|
0|6259|
0|6260|
0|6261|
0|6262|
0|6263|
0|6264|
0|6265|
0|6266|
0|6267|
0|6268|
0|6269|
0|6270|
0|6271|
0|6272|
0|6273|
0|6274|
0|6275|
0|6276|
0|6277|
0|6278|
0|6279|
0|6280|
0|6281|
0|6282|
0|6283|
0|6284|
0|6285|
0|6287|
0|6289|
0|6290|
0|6291|
0|6292|
0|6293|
0|6294|
0|6295|
0|6296|
0|6297|
0|6298|
0|6299|
0|6300|
0|6301|
0|6302|
0|6303|
0|6304|
0|6305|
0|6306|
0|6307|
0|6308|
0|6309|
0|6310|
0|6311|
0|6312|
0|6313|
0|6314|
0|6315|
0|6316|
0|6317|
0|6318|
0|6319|
0|6320|
0|6321|
0|6322|
0|6323|
0|6324|
0|6325|
0|6326|
0|6327|
0|6328|
0|6329|
0|6330|
0|6331|
0|6332|
0|6333|
