0|201832|
0|201834|
0|201835|
0|201836|
0|201837|
0|201838|
0|201839|
0|201840|
0|201841|
0|201842|
0|201843|
0|201844|
0|201845|
0|201846|
0|201847|
0|201848|
0|201849|
0|201850|
0|201851|
0|201852|
0|201853|
0|201854|
0|201855|
0|201856|
0|201857|
0|201858|
0|201859|
0|201860|
0|201861|
0|201862|
0|201863|
0|201864|
0|201865|
0|201866|
0|201867|
0|201869|
0|201871|
0|201873|
0|201875|
0|201877|
0|201879|
0|201881|
0|201882|
0|201883|
0|201884|
0|201885|
0|201886|
0|201887|
0|201888|
0|201889|
0|201890|
0|201891|
0|201892|
0|201893|
0|201894|
0|201895|
0|201896|
0|201897|
0|201898|
0|201899|
0|201900|
0|201901|
0|201902|
0|201903|
0|201904|
0|201905|
0|201906|
0|201907|
0|201908|
0|201909|
0|201910|
0|201911|
