0|481010|
0|481011|
0|481012|
0|481013|
0|481014|
0|481015|
0|481016|
0|481017|
0|481018|
0|481019|
0|481020|
0|481021|
0|481022|
0|481023|
0|481024|
0|481025|
0|481026|
0|481027|
0|481028|
0|481029|
0|481030|
0|481031|
0|481032|
0|481033|
0|481034|
0|481035|
0|481036|
0|481037|
0|481038|
0|481039|
0|481040|
0|481041|
0|481042|
0|481043|
0|481044|
0|481045|
0|481046|
0|481047|
0|481048|
0|481049|
0|481050|
0|481051|
0|481052|
0|481053|
0|481054|
0|481055|
0|481056|
0|481057|
0|481058|
0|481059|
0|481060|
0|481061|
0|481062|
0|481063|
0|481064|
0|481065|
