0|658755|
0|658756|
0|658757|
0|658758|
0|658759|
0|658760|
0|658761|
0|658762|
0|658763|
0|658764|
0|658765|
0|658766|
0|658767|
0|658768|
0|658769|
0|658770|
0|658771|
0|658772|
0|658773|
0|658774|
0|658775|
0|658776|
0|658777|
0|658778|
0|658779|
0|658780|
0|658781|
0|658782|
0|658783|
0|658784|
0|658785|
0|658786|
0|658787|
0|658788|
0|658789|
0|658790|
0|658791|
0|658792|
0|658793|
0|658794|
0|658795|
0|658796|
0|658797|
0|658798|
0|658799|
0|658800|
0|658801|
0|658802|
0|658803|
0|658804|
0|658805|
0|658806|
0|658807|
0|658808|
0|658809|
0|658810|
0|658811|
0|658812|
0|658813|
0|658814|
0|658815|
0|658816|
0|658817|
0|658818|
0|658819|
0|658821|
0|658823|
0|658825|
0|658826|
0|658827|
0|658828|
0|658829|
0|658830|
0|658831|
0|658832|
0|658833|
0|658834|
0|658835|
0|658836|
0|658837|
0|658838|
