0|511170|
0|511171|
0|511172|
0|511173|
0|511174|
0|511175|
0|511176|
0|511177|
0|511178|
0|511179|
0|511180|
0|511181|
0|511182|
0|511183|
0|511184|
0|511185|
0|511186|
0|511187|
0|511188|
0|511189|
0|511190|
0|511191|
0|511192|
0|511193|
0|511194|
0|511195|
0|511196|
0|511197|
0|511198|
0|511199|
0|511200|
0|511201|
0|511202|
0|511203|
0|511204|
0|511205|
0|511206|
0|511207|
0|511208|
0|511209|
0|511210|
0|511211|
0|511212|
0|511213|
0|511214|
0|511215|
0|511216|
0|511217|
0|511218|
0|511219|
0|511220|
0|511221|
0|511222|
0|511223|
0|511224|
0|511225|
0|511226|
0|511227|
0|511228|
0|511229|
0|511230|
0|511231|
0|511232|
0|511233|
0|511234|
0|511235|
0|511236|
0|511237|
0|511238|
0|511239|
0|511240|
0|511241|
0|511242|
0|511243|
0|511244|
0|511245|
0|511246|
0|511247|
0|511248|
0|511249|
0|511250|
0|511251|
0|511252|
0|511253|
0|511254|
0|511255|
0|511256|
0|511257|
0|511258|
0|511259|
0|511260|
0|511261|
0|511262|
0|511263|
0|511264|
0|511265|
0|511266|
0|511267|
0|511268|
0|511269|
0|511270|
0|511271|
0|511272|
0|511273|
0|511274|
0|511275|
0|511276|
0|511277|
