0|497287|
0|497288|
0|497289|
0|497290|
0|497291|
0|497292|
0|497293|
0|497294|
0|497295|
0|497296|
0|497297|
0|497298|
0|497299|
0|497300|
0|497301|
0|497302|
0|497303|
0|497304|
0|497305|
0|497306|
0|497307|
0|497308|
0|497309|
0|497310|
0|497311|
0|497313|
0|497315|
0|497317|
0|497319|
0|497321|
0|497323|
0|497325|
0|497327|
0|497329|
0|497331|
0|497333|
0|497335|
0|497337|
0|497340|
0|497341|
0|497342|
0|497343|
0|497344|
0|497345|
0|497346|
0|497347|
0|497348|
0|497349|
0|497350|
0|497351|
0|497352|
0|497353|
0|497354|
0|497355|
0|497356|
0|497357|
