0|514136|
0|514137|
0|514138|
0|514139|
0|514140|
0|514141|
0|514142|
0|514143|
0|514144|
0|514145|
0|514146|
0|514147|
0|514148|
0|514149|
0|514151|
0|514152|
0|514153|
0|514154|
0|514155|
0|514156|
0|514157|
0|514158|
0|514159|
0|514160|
0|514161|
0|514162|
0|514163|
0|514164|
0|514165|
0|514166|
0|514167|
0|514168|
0|514169|
0|514170|
0|514171|
0|514172|
0|514173|
0|514174|
0|514175|
0|514176|
0|514177|
0|514178|
0|514179|
0|514180|
0|514181|
0|514182|
0|514183|
0|514184|
0|514185|
0|514186|
0|514187|
0|514188|
0|514189|
0|514190|
0|514191|
0|514192|
0|514193|
0|514194|
0|514195|
0|514196|
0|514197|
0|514198|
0|514199|
0|514200|
0|514201|
