0|84398|
0|84399|
0|84400|
0|84401|
0|84402|
0|84403|
0|84404|
0|84405|
0|84406|
0|84407|
0|84408|
0|84409|
0|84410|
0|84411|
0|84412|
0|84413|
0|84414|
0|84415|
0|84416|
0|84417|
0|84418|
0|84419|
0|84420|
0|84421|
0|84422|
0|84423|
0|84424|
0|84425|
0|84426|
0|84427|
0|84428|
0|84429|
0|84430|
0|84431|
0|84432|
0|84433|
0|84434|
0|84435|
0|84436|
0|84437|
0|84438|
0|84439|
0|84440|
0|84441|
0|84442|
0|84443|
0|84444|
0|84445|
0|84446|
0|84447|
0|84448|
0|84449|
0|84450|
0|84451|
0|84452|
0|84453|
0|84454|
0|84455|
0|84456|
0|84457|
0|84458|
0|84459|
0|84460|
0|84461|
0|84462|
0|84463|
0|84464|
0|84465|
0|84466|
0|84467|
0|84468|
0|84469|
0|84470|
