0|729468|
0|729469|
0|729470|
0|729471|
0|729472|
0|729473|
0|729474|
0|729475|
0|729476|
0|729477|
0|729478|
0|729479|
0|729480|
0|729481|
0|729482|
0|729483|
0|729484|
0|729485|
0|729486|
0|729487|
0|729488|
0|729489|
0|729490|
0|729491|
0|729492|
0|729493|
0|729494|
0|729495|
0|729496|
0|729497|
0|729498|
0|729499|
0|729500|
0|729501|
0|729502|
0|729503|
0|729504|
0|729505|
0|729506|
0|729507|
0|729508|
0|729509|
0|729510|
0|729511|
0|729512|
0|729513|
0|729514|
0|729515|
0|729516|
0|729517|
0|729518|
0|729519|
0|729520|
0|729521|
0|729522|
0|729523|
0|729524|
0|729525|
0|729526|
0|729527|
0|729528|
0|729529|
0|729530|
0|729531|
0|729532|
0|729533|
0|729534|
0|729535|
0|729536|
0|729537|
0|729538|
0|729539|
0|729540|
0|729541|
0|729542|
0|729543|
0|729544|
0|729545|
0|729546|
