0|488822|
0|488823|
0|488824|
0|488825|
0|488826|
0|488827|
0|488828|
0|488829|
0|488830|
0|488831|
0|488832|
0|488833|
0|488834|
0|488835|
0|488836|
0|488837|
0|488838|
0|488839|
0|488840|
0|488841|
0|488842|
0|488843|
0|488844|
0|488845|
0|488846|
0|488847|
0|488848|
0|488849|
0|488850|
0|488851|
0|488852|
0|488853|
0|488854|
0|488855|
0|488856|
0|488857|
0|488858|
0|488859|
0|488860|
0|488861|
0|488862|
0|488863|
0|488864|
0|488865|
0|488866|
0|488867|
0|488868|
0|488869|
0|488870|
0|488871|
0|488872|
0|488873|
0|488874|
0|488875|
0|488876|
0|488877|
0|488878|
0|488879|
0|488880|
0|488881|
0|488882|
0|488883|
0|488884|
0|488885|
0|488886|
0|488887|
0|488888|
0|488889|
0|488890|
0|488891|
0|488892|
0|488893|
0|488894|
0|488895|
0|488896|
0|488897|
0|488898|
0|488899|
0|488900|
0|488901|
0|488902|
0|488903|
0|488904|
0|488905|
