0|736352|
0|736353|
0|736354|
0|736355|
0|736356|
0|736358|
0|736360|
0|736361|
0|736362|
0|736363|
0|736364|
0|736365|
0|736366|
0|736367|
0|736368|
0|736369|
0|736370|
0|736371|
0|736372|
0|736373|
0|736374|
0|736375|
0|736376|
0|736377|
0|736378|
0|736379|
0|736380|
0|736381|
0|736382|
0|736383|
0|736384|
0|736385|
0|736386|
0|736387|
0|736388|
0|736389|
0|736390|
0|736391|
0|736392|
0|736393|
0|736394|
0|736395|
0|736396|
0|736397|
0|736398|
0|736399|
0|736400|
0|736401|
0|736402|
0|736403|
0|736404|
0|736405|
0|736406|
0|736407|
0|736408|
0|736409|
0|736410|
0|736411|
0|736412|
0|736413|
0|736414|
0|736415|
0|736416|
0|736417|
0|736418|
0|736419|
0|736420|
0|736421|
0|736422|
0|736423|
0|736424|
0|736425|
0|736426|
0|736427|
0|736428|
0|736429|
0|736430|
0|736431|
0|736432|
0|736433|
0|736434|
0|736435|
0|736436|
0|736437|
0|736438|
0|736439|
0|736440|
0|736441|
0|736442|
0|736443|
0|736444|
0|736445|
0|736446|
0|736447|
0|736448|
0|736449|
0|736450|
0|736451|
