0|373698|
0|373699|
0|373700|
0|373701|
0|373702|
0|373703|
0|373704|
0|373705|
0|373706|
0|373707|
0|373708|
0|373709|
0|373710|
0|373711|
0|373712|
0|373713|
0|373714|
0|373715|
0|373716|
0|373717|
0|373718|
0|373719|
0|373720|
0|373721|
0|373722|
0|373723|
0|373724|
0|373725|
0|373726|
0|373727|
0|373728|
0|373729|
0|373730|
0|373731|
0|373732|
0|373733|
0|373734|
0|373735|
0|373736|
0|373737|
0|373738|
0|373739|
0|373740|
0|373741|
0|373742|
0|373743|
0|373744|
0|373745|
0|373746|
0|373747|
0|373748|
0|373749|
0|373750|
0|373751|
0|373752|
0|373753|
0|373754|
0|373755|
0|373756|
0|373757|
0|373758|
0|373759|
0|373760|
0|373761|
0|373762|
0|373763|
0|373764|
0|373765|
0|373766|
0|373767|
0|373768|
0|373769|
0|373770|
0|373771|
0|373772|
0|373773|
0|373774|
0|373775|
0|373776|
0|373777|
0|373778|
0|373779|
0|373780|
0|373781|
0|373782|
0|373783|
0|373784|
0|373785|
0|373786|
0|373787|
