0|293552|
0|293553|
0|293554|
0|293555|
0|293556|
0|293557|
0|293558|
0|293559|
0|293560|
0|293561|
0|293562|
0|293563|
0|293564|
0|293565|
0|293566|
0|293567|
0|293568|
0|293569|
0|293570|
0|293571|
0|293572|
0|293573|
0|293574|
0|293575|
0|293576|
0|293577|
0|293578|
0|293579|
0|293580|
0|293581|
0|293582|
0|293583|
0|293584|
0|293585|
0|293586|
0|293587|
0|293588|
0|293589|
0|293590|
0|293591|
0|293592|
0|293593|
0|293594|
0|293595|
0|293596|
0|293597|
0|293598|
0|293599|
0|293600|
0|293601|
