0|22183|
0|22184|
0|22185|
0|22186|
0|22187|
0|22188|
0|22189|
0|22190|
0|22191|
0|22192|
0|22193|
0|22194|
0|22195|
0|22196|
0|22197|
0|22198|
0|22199|
0|22200|
0|22201|
0|22202|
0|22203|
0|22204|
0|22205|
0|22206|
0|22207|
0|22208|
0|22209|
0|22210|
0|22211|
0|22212|
0|22213|
0|22214|
0|22215|
0|22216|
0|22217|
0|22218|
0|22219|
0|22220|
0|22221|
0|22222|
0|22223|
0|22224|
0|22225|
0|22226|
0|22227|
0|22228|
0|22229|
0|22230|
0|22231|
0|22232|
0|22233|
0|22234|
0|22235|
0|22236|
0|22237|
0|22238|
0|22239|
0|22240|
0|22241|
0|22242|
0|22243|
0|22244|
0|22245|
0|22246|
0|22247|
0|22248|
0|22249|
0|22250|
0|22251|
0|22252|
0|22253|
0|22254|
0|22255|
0|22256|
0|22257|
0|22258|
0|22259|
0|22260|
0|22261|
0|22262|
0|22263|
0|22264|
0|22265|
0|22266|
0|22267|
0|22268|
0|22269|
0|22270|
0|22271|
0|22272|
0|22273|
0|22274|
0|22275|
0|22276|
0|22277|
0|22278|
0|22279|
0|22280|
0|22281|
0|22282|
0|22283|
0|22284|
0|22285|
0|22286|
0|22287|
0|22288|
0|22289|
0|22290|
0|22291|
0|22292|
0|22293|
0|22294|
0|22295|
0|22296|
0|22297|
0|22298|
0|22299|
0|22300|
0|22301|
0|22302|
0|22303|
0|22304|
