0|72353|
0|72354|
0|72355|
0|72356|
0|72357|
0|72358|
0|72359|
0|72360|
0|72361|
0|72362|
0|72363|
0|72364|
0|72365|
0|72366|
0|72367|
0|72368|
0|72369|
0|72370|
0|72371|
0|72372|
0|72373|
0|72374|
0|72375|
0|72376|
0|72377|
0|72378|
0|72379|
0|72380|
0|72381|
0|72382|
0|72383|
0|72384|
0|72385|
0|72386|
0|72387|
0|72388|
0|72389|
0|72390|
0|72391|
0|72392|
0|72393|
0|72394|
0|72395|
0|72396|
0|72397|
0|72398|
0|72399|
0|72400|
0|72401|
0|72402|
0|72403|
0|72404|
0|72405|
0|72406|
0|72407|
0|72408|
0|72409|
0|72410|
0|72411|
0|72412|
0|72413|
