0|509866|
0|509868|
0|509870|
0|509872|
0|509874|
0|509876|
0|509878|
0|509880|
0|509882|
0|509884|
0|509886|
0|509888|
0|509890|
0|509892|
0|509894|
0|509896|
0|509898|
0|509900|
0|509902|
0|509904|
0|509906|
0|509908|
0|509910|
0|509912|
0|509914|
0|509916|
0|509918|
0|509920|
0|509922|
0|509924|
0|509926|
0|509928|
0|509930|
0|509932|
0|509934|
0|509936|
0|509938|
0|509940|
0|509942|
0|509944|
0|509946|
0|509948|
0|509950|
0|509952|
0|509954|
0|509956|
0|509958|
0|509960|
0|509962|
0|509964|
0|509966|
0|509968|
0|509970|
0|509972|
0|509974|
0|509976|
0|509978|
0|509980|
0|509982|
0|509984|
0|509986|
0|509988|
0|509990|
0|509992|
0|509994|
0|509996|
0|509998|
0|510000|
0|510002|
0|510004|
0|510006|
0|510008|
0|510010|
0|510012|
0|510014|
0|510016|
0|510018|
0|510020|
0|510023|
