0|167425|
0|167426|
0|167427|
0|167428|
0|167429|
0|167430|
0|167431|
0|167432|
0|167433|
0|167434|
0|167435|
0|167436|
0|167437|
0|167438|
0|167439|
0|167440|
0|167441|
0|167442|
0|167443|
0|167444|
0|167445|
0|167446|
0|167447|
0|167448|
0|167449|
0|167450|
0|167451|
0|167452|
0|167453|
0|167454|
0|167455|
0|167456|
0|167457|
0|167458|
0|167459|
0|167460|
0|167461|
0|167462|
0|167463|
0|167464|
0|167465|
0|167466|
0|167467|
0|167468|
0|167469|
0|167470|
0|167471|
0|167472|
0|167473|
0|167474|
