0|730393|
0|730394|
0|730395|
0|730396|
0|730397|
0|730398|
0|730399|
0|730400|
0|730401|
0|730402|
0|730403|
0|730404|
0|730405|
0|730407|
0|730409|
0|730411|
0|730413|
0|730415|
0|730416|
0|730417|
0|730418|
0|730419|
0|730420|
0|730421|
0|730422|
0|730423|
0|730424|
0|730425|
0|730426|
0|730427|
0|730428|
0|730429|
0|730430|
0|730431|
0|730432|
0|730433|
0|730434|
0|730435|
0|730436|
0|730437|
0|730438|
0|730439|
0|730440|
0|730441|
0|730442|
0|730443|
0|730444|
0|730445|
0|730446|
0|730447|
