0|374702|
0|374703|
0|374704|
0|374705|
0|374706|
0|374707|
0|374708|
0|374709|
0|374710|
0|374711|
0|374712|
0|374713|
0|374714|
0|374715|
0|374716|
0|374717|
0|374718|
0|374719|
0|374720|
0|374721|
0|374722|
0|374723|
0|374724|
0|374725|
0|374726|
0|374727|
0|374728|
0|374729|
0|374730|
0|374731|
0|374732|
0|374733|
0|374734|
0|374735|
0|374736|
0|374737|
0|374738|
0|374739|
0|374740|
0|374741|
0|374742|
0|374743|
0|374744|
0|374745|
0|374746|
0|374747|
0|374748|
0|374749|
0|374750|
0|374751|
0|374752|
0|374753|
0|374754|
0|374755|
0|374756|
0|374757|
0|374758|
0|374759|
0|374760|
0|374761|
0|374762|
0|374763|
0|374764|
0|374765|
0|374766|
0|374767|
0|374768|
0|374769|
0|374770|
0|374771|
0|374772|
0|374773|
0|374774|
0|374775|
0|374776|
0|374777|
0|374778|
0|374779|
0|374780|
0|374781|
0|374782|
0|374783|
0|374784|
0|374785|
0|374786|
0|374787|
0|374788|
0|374789|
0|374790|
0|374791|
0|374792|
0|374793|
0|374794|
0|374795|
0|374796|
0|374797|
0|374798|
0|374799|
0|374800|
0|374801|
