0|595609|
0|595610|
0|595612|
0|595613|
0|595614|
0|595615|
0|595616|
0|595617|
0|595618|
0|595619|
0|595620|
0|595621|
0|595622|
0|595623|
0|595624|
0|595625|
0|595626|
0|595627|
0|595628|
0|595629|
0|595630|
0|595631|
0|595632|
0|595633|
0|595634|
0|595635|
0|595636|
0|595637|
0|595638|
0|595639|
0|595640|
0|595641|
0|595642|
0|595643|
0|595644|
0|595645|
0|595646|
0|595648|
0|595650|
0|595652|
0|595654|
0|595656|
0|595658|
0|595660|
0|595662|
0|595664|
0|595666|
0|595668|
0|595670|
0|595672|
0|595674|
0|595676|
0|595678|
0|595680|
0|595682|
0|595684|
0|595686|
0|595688|
0|595690|
0|595692|
0|595694|
0|595696|
0|595698|
0|595700|
0|595703|
0|595705|
0|595707|
0|595709|
0|595711|
0|595713|
0|595715|
0|595717|
0|595719|
0|595721|
0|595723|
0|595725|
0|595727|
0|595729|
0|595731|
0|595733|
0|595735|
