0|537551|
0|537552|
0|537553|
0|537554|
0|537555|
0|537556|
0|537557|
0|537558|
0|537559|
0|537560|
0|537561|
0|537562|
0|537563|
0|537564|
0|537565|
0|537566|
0|537567|
0|537568|
0|537569|
0|537570|
0|537571|
0|537572|
0|537573|
0|537574|
0|537575|
0|537576|
0|537577|
0|537578|
0|537579|
0|537580|
0|537581|
0|537582|
0|537583|
0|537584|
0|537585|
0|537586|
0|537587|
0|537588|
0|537589|
0|537590|
0|537591|
0|537592|
0|537593|
0|537594|
0|537595|
0|537596|
0|537597|
0|537598|
0|537599|
0|537600|
0|537601|
0|537602|
0|537603|
0|537604|
0|537605|
0|537606|
0|537607|
0|537608|
0|537609|
0|537610|
0|537611|
0|537612|
0|537613|
0|537614|
0|537615|
