0|362575|
0|362576|
0|362577|
0|362578|
0|362579|
0|362580|
0|362581|
0|362582|
0|362583|
0|362584|
0|362585|
0|362586|
0|362587|
0|362588|
0|362589|
0|362590|
0|362591|
0|362592|
0|362593|
0|362594|
0|362595|
0|362596|
0|362597|
0|362598|
0|362599|
0|362600|
0|362601|
0|362602|
0|362603|
0|362604|
0|362605|
0|362606|
0|362607|
0|362608|
0|362609|
0|362610|
0|362611|
0|362612|
0|362613|
0|362614|
0|362615|
0|362616|
0|362617|
0|362618|
0|362619|
0|362620|
0|362621|
0|362622|
0|362623|
0|362624|
0|362625|
0|362626|
0|362627|
0|362628|
0|362629|
0|362630|
0|362631|
0|362632|
0|362633|
0|362634|
0|362635|
0|362636|
