0|489185|
0|489186|
0|489187|
0|489188|
0|489189|
0|489190|
0|489191|
0|489192|
0|489193|
0|489194|
0|489195|
0|489196|
0|489197|
0|489198|
0|489199|
0|489200|
0|489201|
0|489202|
0|489203|
0|489204|
0|489205|
0|489206|
0|489207|
0|489208|
0|489209|
0|489210|
0|489211|
0|489212|
0|489213|
0|489214|
0|489215|
0|489216|
0|489217|
0|489218|
0|489219|
0|489220|
0|489221|
0|489222|
0|489223|
0|489224|
0|489225|
0|489226|
0|489227|
0|489228|
0|489229|
0|489230|
0|489231|
0|489232|
0|489233|
0|489234|
0|489235|
0|489236|
0|489237|
0|489238|
0|489239|
0|489240|
0|489241|
0|489242|
0|489243|
0|489244|
0|489245|
0|489246|
0|489247|
0|489248|
0|489249|
0|489250|
0|489251|
0|489252|
0|489253|
0|489254|
0|489255|
0|489256|
0|489257|
0|489258|
0|489259|
0|489260|
0|489261|
0|489262|
0|489263|
0|489264|
0|489265|
0|489266|
0|489267|
0|489268|
0|489269|
