0|507844|
0|507845|
0|507846|
0|507847|
0|507848|
0|507849|
0|507850|
0|507851|
0|507852|
0|507853|
0|507854|
0|507855|
0|507856|
0|507857|
0|507858|
0|507859|
0|507860|
0|507861|
0|507862|
0|507863|
0|507864|
0|507865|
0|507866|
0|507867|
0|507868|
0|507869|
0|507870|
0|507871|
0|507872|
0|507873|
0|507874|
0|507875|
0|507876|
0|507877|
0|507878|
0|507879|
0|507880|
0|507881|
0|507882|
0|507883|
0|507884|
0|507885|
0|507886|
0|507887|
0|507888|
0|507889|
0|507890|
0|507891|
0|507892|
0|507893|
0|507894|
0|507895|
0|507896|
