0|112633|
0|112634|
0|112635|
0|112636|
0|112637|
0|112638|
0|112639|
0|112640|
0|112641|
0|112642|
0|112643|
0|112644|
0|112645|
0|112646|
0|112647|
0|112648|
0|112649|
0|112650|
0|112651|
0|112652|
0|112653|
0|112654|
0|112655|
0|112656|
0|112657|
0|112658|
0|112659|
0|112660|
0|112661|
0|112662|
0|112663|
0|112664|
0|112665|
0|112666|
0|112667|
0|112668|
0|112669|
0|112670|
0|112671|
0|112672|
0|112673|
0|112674|
0|112675|
0|112676|
0|112677|
0|112678|
0|112679|
0|112680|
0|112681|
0|112682|
0|112683|
0|112684|
0|112685|
0|112686|
0|112687|
0|112688|
0|112689|
0|112690|
0|112691|
0|112692|
0|112693|
0|112694|
0|112695|
0|112696|
0|112697|
0|112698|
0|112699|
0|112700|
0|112701|
0|112702|
0|112703|
0|112704|
0|112705|
0|112706|
0|112707|
0|112708|
0|112709|
0|112710|
0|112711|
0|112712|
0|112713|
0|112714|
0|112715|
0|112716|
0|112717|
0|112718|
0|112719|
0|112720|
0|112721|
0|112722|
0|112723|
0|112724|
0|112725|
0|112726|
0|112727|
0|112728|
0|112729|
0|112730|
0|112731|
0|112732|
0|112733|
0|112734|
0|112735|
0|112736|
0|112737|
0|112738|
0|112739|
0|112740|
0|112741|
0|112742|
0|112743|
0|112744|
0|112745|
0|112746|
