0|361638|
0|361639|
0|361640|
0|361641|
0|361642|
0|361643|
0|361644|
0|361645|
0|361646|
0|361647|
0|361648|
0|361649|
0|361650|
0|361651|
0|361652|
0|361653|
0|361654|
0|361655|
0|361656|
0|361657|
0|361658|
0|361659|
0|361660|
0|361661|
0|361662|
0|361663|
0|361664|
0|361665|
0|361666|
0|361667|
0|361668|
0|361669|
0|361670|
0|361671|
0|361672|
0|361673|
0|361674|
0|361675|
0|361676|
0|361677|
0|361678|
0|361679|
0|361680|
0|361681|
0|361682|
0|361683|
0|361684|
0|361687|
0|361689|
0|361691|
0|361693|
0|361695|
0|361696|
0|361697|
0|361698|
0|361699|
0|361700|
0|361701|
0|361702|
0|361703|
0|361704|
0|361705|
0|361706|
0|361707|
0|361708|
0|361709|
0|361710|
0|361711|
0|361712|
0|361713|
0|361714|
0|361715|
0|361716|
0|361717|
0|361718|
0|361719|
0|361720|
0|361721|
0|361722|
0|361723|
0|361724|
0|361725|
