0|672585|
0|672586|
0|672587|
0|672588|
0|672589|
0|672590|
0|672591|
0|672592|
0|672593|
0|672594|
0|672595|
0|672596|
0|672597|
0|672598|
0|672599|
0|672600|
0|672601|
0|672602|
0|672603|
0|672604|
0|672605|
0|672606|
0|672607|
0|672608|
0|672610|
0|672612|
0|672614|
0|672616|
0|672617|
0|672618|
0|672619|
0|672620|
0|672621|
0|672622|
0|672623|
0|672624|
0|672625|
0|672626|
0|672627|
0|672628|
0|672629|
0|672630|
0|672631|
0|672632|
0|672633|
0|672634|
0|672635|
0|672636|
0|672637|
0|672638|
0|672639|
0|672640|
0|672641|
0|672642|
0|672643|
0|672644|
0|672645|
0|672646|
0|672647|
0|672648|
0|672649|
0|672650|
0|672651|
0|672652|
0|672653|
0|672654|
0|672655|
0|672656|
0|672657|
0|672658|
0|672659|
0|672660|
0|672661|
0|672662|
0|672663|
0|672664|
0|672665|
0|672666|
0|672667|
0|672668|
0|672669|
0|672670|
0|672671|
0|672672|
0|672673|
0|672674|
0|672675|
0|672676|
0|672677|
0|672678|
0|672679|
0|672680|
0|672681|
0|672682|
0|672683|
0|672684|
0|672685|
0|672686|
0|672687|
0|672688|
0|672689|
0|672690|
0|672691|
0|672692|
0|672693|
0|672694|
0|672695|
0|672696|
0|672697|
0|672698|
0|672699|
0|672700|
0|672701|
0|672702|
