0|67668|
0|67669|
0|67670|
0|67671|
0|67672|
0|67673|
0|67674|
0|67675|
0|67676|
0|67677|
0|67678|
0|67679|
0|67680|
0|67681|
0|67682|
0|67683|
0|67684|
0|67685|
0|67686|
0|67687|
0|67688|
0|67689|
0|67690|
0|67691|
0|67692|
0|67693|
0|67694|
0|67695|
0|67696|
0|67697|
0|67698|
0|67699|
0|67700|
0|67701|
0|67702|
0|67703|
0|67704|
0|67705|
0|67706|
0|67707|
0|67708|
0|67709|
0|67710|
0|67711|
0|67712|
0|67713|
0|67714|
0|67715|
0|67716|
0|67717|
0|67718|
0|67719|
0|67720|
0|67721|
0|67722|
0|67723|
0|67724|
0|67725|
0|67726|
0|67727|
0|67728|
0|67729|
0|67730|
0|67731|
0|67732|
0|67733|
0|67734|
0|67735|
0|67736|
0|67737|
0|67738|
0|67739|
0|67740|
0|67741|
0|67742|
0|67743|
0|67744|
0|67745|
0|67746|
0|67747|
0|67748|
0|67749|
0|67750|
0|67751|
0|67752|
0|67753|
0|67754|
0|67755|
0|67756|
0|67757|
0|67758|
0|67759|
0|67760|
0|67761|
0|67762|
0|67763|
0|67764|
0|67765|
0|67766|
0|67767|
0|67768|
0|67769|
0|67770|
0|67771|
0|67772|
0|67773|
0|67774|
0|67775|
0|67776|
0|67777|
0|67778|
0|67779|
0|67780|
0|67781|
0|67782|
