0|405285|
0|405286|
0|405287|
0|405288|
0|405289|
0|405290|
0|405291|
0|405292|
0|405293|
0|405294|
0|405295|
0|405296|
0|405297|
0|405298|
0|405299|
0|405300|
0|405301|
0|405302|
0|405303|
0|405304|
0|405305|
0|405306|
0|405307|
0|405308|
0|405309|
0|405310|
0|405311|
0|405312|
0|405313|
0|405314|
0|405315|
0|405316|
0|405317|
0|405318|
0|405319|
0|405320|
0|405321|
0|405322|
0|405323|
0|405324|
0|405325|
0|405326|
0|405327|
0|405328|
0|405329|
0|405330|
0|405331|
0|405332|
0|405333|
0|405334|
0|405335|
0|405336|
0|405337|
0|405338|
0|405339|
0|405340|
0|405341|
0|405342|
0|405343|
0|405344|
0|405345|
0|405346|
0|405347|
0|405348|
0|405349|
0|405350|
0|405351|
0|405352|
0|405353|
0|405354|
0|405355|
0|405356|
0|405357|
0|405358|
0|405359|
0|405360|
0|405361|
0|405362|
0|405363|
0|405364|
0|405365|
0|405366|
0|405367|
0|405368|
0|405369|
0|405370|
0|405371|
0|405372|
0|405373|
0|405374|
0|405375|
0|405376|
0|405377|
0|405378|
0|405379|
0|405380|
0|405381|
0|405382|
0|405383|
0|405384|
0|405385|
0|405386|
0|405387|
0|405388|
0|405389|
0|405390|
