0|259715|
0|259716|
0|259717|
0|259718|
0|259719|
0|259720|
0|259721|
0|259722|
0|259723|
0|259724|
0|259725|
0|259726|
0|259727|
0|259728|
0|259729|
0|259730|
0|259731|
0|259732|
0|259733|
0|259734|
0|259735|
0|259736|
0|259737|
0|259738|
0|259739|
0|259740|
0|259741|
0|259742|
0|259744|
0|259745|
0|259746|
0|259747|
0|259748|
0|259749|
0|259750|
0|259751|
0|259752|
0|259753|
0|259754|
0|259755|
0|259756|
0|259757|
0|259758|
0|259759|
0|259760|
0|259761|
0|259762|
0|259763|
0|259764|
0|259765|
0|259766|
0|259767|
0|259768|
0|259769|
0|259770|
0|259771|
0|259772|
0|259773|
0|259774|
0|259775|
0|259776|
0|259777|
0|259778|
0|259779|
0|259780|
0|259781|
0|259782|
0|259783|
0|259784|
0|259785|
0|259786|
0|259787|
0|259788|
0|259789|
0|259790|
0|259791|
0|259792|
0|259793|
0|259794|
0|259795|
0|259796|
0|259797|
0|259798|
0|259799|
0|259800|
0|259801|
0|259802|
0|259803|
0|259804|
0|259805|
0|259806|
0|259807|
0|259808|
0|259809|
0|259810|
0|259811|
0|259812|
0|259813|
0|259814|
0|259815|
