0|195708|
0|195709|
0|195710|
0|195711|
0|195712|
0|195713|
0|195714|
0|195715|
0|195716|
0|195717|
0|195718|
0|195719|
0|195720|
0|195721|
0|195722|
0|195723|
0|195724|
0|195725|
0|195726|
0|195727|
0|195728|
0|195729|
0|195730|
0|195731|
0|195732|
0|195733|
0|195734|
0|195735|
0|195736|
0|195737|
0|195738|
0|195739|
0|195740|
0|195741|
0|195742|
0|195743|
0|195744|
0|195745|
0|195746|
0|195747|
0|195748|
0|195749|
0|195750|
0|195751|
0|195752|
0|195753|
0|195754|
0|195755|
0|195756|
0|195757|
0|195758|
0|195759|
0|195760|
0|195761|
0|195762|
0|195763|
0|195764|
0|195765|
0|195766|
0|195767|
0|195768|
0|195769|
0|195770|
0|195771|
0|195772|
0|195773|
