0|656285|
0|656287|
0|656289|
0|656291|
0|656293|
0|656295|
0|656297|
0|656299|
0|656301|
0|656303|
0|656305|
0|656307|
0|656309|
0|656311|
0|656313|
0|656315|
0|656317|
0|656319|
0|656321|
0|656323|
0|656325|
0|656327|
0|656329|
0|656331|
0|656333|
0|656335|
0|656337|
0|656339|
0|656341|
0|656343|
0|656345|
0|656347|
0|656349|
0|656351|
0|656353|
0|656355|
0|656357|
0|656359|
0|656361|
0|656362|
0|656363|
0|656364|
0|656365|
0|656366|
0|656367|
0|656368|
0|656369|
0|656370|
0|656371|
0|656372|
0|656373|
0|656374|
0|656375|
0|656376|
0|656377|
0|656378|
0|656379|
0|656380|
0|656381|
0|656383|
0|656385|
0|656387|
0|656389|
0|656391|
0|656393|
0|656395|
0|656397|
0|656399|
0|656401|
0|656403|
0|656405|
0|656407|
0|656409|
0|656411|
0|656413|
0|656415|
0|656417|
0|656419|
0|656421|
0|656423|
0|656425|
