0|655468|
0|655470|
0|655472|
0|655474|
0|655476|
0|655478|
0|655480|
0|655482|
0|655484|
0|655486|
0|655488|
0|655490|
0|655492|
0|655494|
0|655496|
0|655498|
0|655500|
0|655502|
0|655504|
0|655506|
0|655508|
0|655510|
0|655512|
0|655514|
0|655516|
0|655518|
0|655520|
0|655522|
0|655524|
0|655526|
0|655528|
0|655530|
0|655532|
0|655534|
0|655536|
0|655538|
0|655540|
0|655542|
0|655544|
0|655546|
0|655548|
0|655550|
0|655551|
0|655552|
0|655553|
0|655554|
0|655555|
0|655556|
0|655557|
0|655558|
0|655559|
0|655560|
0|655561|
0|655562|
0|655563|
0|655564|
0|655565|
0|655566|
0|655567|
0|655568|
0|655569|
0|655570|
0|655571|
0|655572|
0|655573|
0|655574|
0|655575|
0|655576|
0|655577|
0|655578|
0|655579|
0|655580|
0|655581|
0|655582|
0|655583|
0|655584|
0|655585|
0|655586|
0|655587|
0|655588|
0|655589|
