0|572845|
0|572846|
0|572848|
0|572849|
0|572850|
0|572851|
0|572852|
0|572853|
0|572854|
0|572855|
0|572856|
0|572857|
0|572858|
0|572859|
0|572860|
0|572861|
0|572862|
0|572863|
0|572864|
0|572865|
0|572866|
0|572867|
0|572868|
0|572869|
0|572870|
0|572871|
0|572872|
0|572873|
0|572874|
0|572875|
0|572876|
0|572877|
0|572878|
0|572879|
0|572880|
0|572881|
0|572882|
0|572883|
0|572884|
0|572885|
0|572886|
0|572887|
0|572888|
0|572889|
0|572890|
0|572891|
0|572892|
0|572893|
0|572894|
0|572895|
0|572896|
0|572897|
