0|135399|
0|135400|
0|135401|
0|135402|
0|135403|
0|135404|
0|135405|
0|135406|
0|135407|
0|135408|
0|135409|
0|135410|
0|135411|
0|135412|
0|135413|
0|135414|
0|135415|
0|135416|
0|135417|
0|135418|
0|135419|
0|135420|
0|135421|
0|135422|
0|135423|
0|135424|
0|135425|
0|135426|
0|135427|
0|135428|
0|135429|
0|135430|
0|135431|
0|135432|
0|135433|
0|135434|
0|135435|
0|135436|
0|135437|
0|135438|
0|135439|
0|135440|
0|135441|
0|135442|
0|135443|
0|135444|
0|135445|
0|135446|
0|135447|
0|135448|
0|135449|
0|135450|
0|135451|
0|135452|
0|135453|
0|135454|
0|135455|
0|135456|
0|135457|
0|135458|
0|135459|
0|135460|
0|135461|
0|135462|
0|135463|
0|135464|
0|135465|
0|135466|
0|135467|
0|135468|
0|135469|
0|135470|
0|135471|
0|135472|
0|135473|
0|135474|
0|135475|
0|135476|
0|135477|
0|135478|
0|135479|
0|135480|
0|135481|
0|135482|
0|135483|
0|135484|
0|135485|
0|135486|
0|135488|
0|135490|
0|135492|
0|135494|
0|135496|
0|135498|
0|135500|
0|135502|
0|135504|
0|135507|
0|135509|
0|135511|
0|135513|
0|135515|
0|135517|
0|135519|
0|135521|
0|135523|
0|135525|
0|135527|
0|135529|
