0|513415|
0|513416|
0|513417|
0|513418|
0|513419|
0|513420|
0|513421|
0|513422|
0|513423|
0|513424|
0|513425|
0|513426|
0|513427|
0|513428|
0|513429|
0|513430|
0|513431|
0|513432|
0|513433|
0|513434|
0|513435|
0|513436|
0|513437|
0|513438|
0|513439|
0|513440|
0|513441|
0|513442|
0|513443|
0|513444|
0|513445|
0|513446|
0|513447|
0|513448|
0|513449|
0|513450|
0|513451|
0|513452|
0|513453|
0|513454|
0|513455|
0|513456|
0|513457|
0|513458|
0|513459|
0|513460|
0|513461|
0|513462|
0|513463|
0|513464|
0|513465|
0|513466|
0|513467|
0|513468|
0|513469|
0|513470|
0|513471|
0|513472|
0|513473|
0|513474|
0|513475|
0|513476|
0|513477|
0|513478|
0|513479|
0|513480|
0|513481|
0|513482|
0|513483|
0|513484|
