0|597630|
0|597631|
0|597632|
0|597633|
0|597634|
0|597635|
0|597636|
0|597637|
0|597638|
0|597639|
0|597640|
0|597641|
0|597642|
0|597643|
0|597644|
0|597645|
0|597646|
0|597647|
0|597648|
0|597649|
0|597650|
0|597651|
0|597652|
0|597653|
0|597654|
0|597655|
0|597656|
0|597657|
0|597658|
0|597659|
0|597660|
0|597661|
0|597662|
0|597663|
0|597664|
0|597665|
0|597666|
0|597667|
0|597668|
0|597669|
0|597670|
0|597671|
0|597672|
0|597673|
0|597674|
0|597675|
0|597676|
0|597677|
0|597678|
0|597679|
0|597680|
0|597681|
0|597682|
0|597683|
0|597684|
