0|155937|
0|155938|
0|155939|
0|155940|
0|155941|
0|155942|
0|155943|
0|155944|
0|155945|
0|155946|
0|155947|
0|155948|
0|155949|
0|155950|
0|155951|
0|155952|
0|155953|
0|155954|
0|155955|
0|155956|
0|155957|
0|155958|
0|155959|
0|155960|
0|155961|
0|155962|
0|155963|
0|155964|
0|155965|
0|155966|
0|155967|
0|155968|
0|155969|
0|155970|
0|155971|
0|155972|
0|155973|
0|155974|
0|155975|
0|155976|
0|155977|
0|155978|
0|155979|
0|155980|
0|155981|
0|155982|
0|155983|
0|155984|
0|155985|
0|155986|
0|155987|
0|155988|
0|155989|
0|155990|
0|155991|
0|155992|
0|155993|
0|155994|
0|155995|
0|155996|
0|155997|
0|155998|
0|155999|
0|156000|
0|156001|
0|156002|
0|156003|
0|156004|
0|156005|
0|156006|
0|156007|
0|156008|
0|156009|
0|156010|
0|156011|
0|156012|
0|156013|
0|156014|
0|156015|
0|156016|
0|156017|
0|156018|
0|156019|
0|156020|
0|156021|
0|156022|
0|156023|
0|156024|
0|156025|
0|156026|
0|156027|
0|156028|
0|156029|
0|156030|
0|156031|
0|156032|
0|156033|
0|156034|
0|156035|
0|156036|
0|156037|
0|156038|
0|156039|
0|156040|
0|156041|
