0|536093|
0|536095|
0|536097|
0|536099|
0|536101|
0|536103|
0|536105|
0|536107|
0|536109|
0|536111|
0|536113|
0|536115|
0|536116|
0|536117|
0|536118|
0|536119|
0|536120|
0|536121|
0|536122|
0|536123|
0|536124|
0|536125|
0|536126|
0|536127|
0|536128|
0|536129|
0|536130|
0|536131|
0|536132|
0|536133|
0|536134|
0|536135|
0|536136|
0|536137|
0|536138|
0|536139|
0|536140|
0|536141|
0|536142|
0|536143|
0|536144|
0|536145|
0|536146|
0|536147|
0|536148|
0|536149|
0|536150|
0|536151|
0|536152|
0|536153|
0|536154|
0|536155|
0|536156|
0|536157|
0|536158|
0|536159|
0|536160|
0|536161|
0|536162|
0|536163|
0|536164|
0|536165|
0|536166|
0|536167|
0|536168|
0|536169|
0|536170|
0|536171|
0|536172|
0|536173|
0|536174|
