0|341488|
0|341489|
0|341490|
0|341491|
0|341492|
0|341493|
0|341494|
0|341495|
0|341496|
0|341497|
0|341498|
0|341499|
0|341500|
0|341501|
0|341502|
0|341503|
0|341504|
0|341505|
0|341506|
0|341507|
0|341508|
0|341509|
0|341510|
0|341511|
0|341512|
0|341513|
0|341514|
0|341515|
0|341516|
0|341517|
0|341518|
0|341519|
0|341520|
0|341521|
0|341522|
0|341523|
0|341524|
0|341525|
0|341526|
0|341527|
0|341528|
0|341529|
0|341530|
0|341531|
0|341532|
0|341533|
0|341534|
0|341535|
0|341536|
0|341537|
0|341538|
0|341539|
0|341540|
0|341541|
0|341542|
0|341543|
0|341544|
0|341545|
0|341546|
0|341547|
0|341548|
0|341549|
0|341550|
0|341551|
0|341552|
0|341553|
