0|72956|
0|72957|
0|72958|
0|72959|
0|72960|
0|72961|
0|72962|
0|72963|
0|72964|
0|72965|
0|72966|
0|72967|
0|72968|
0|72969|
0|72970|
0|72971|
0|72972|
0|72973|
0|72974|
0|72975|
0|72976|
0|72977|
0|72978|
0|72979|
0|72980|
0|72982|
0|72983|
0|72984|
0|72985|
0|72986|
0|72987|
0|72988|
0|72989|
0|72990|
0|72991|
0|72992|
0|72993|
0|72994|
0|72995|
0|72996|
0|72997|
0|72998|
0|72999|
0|73000|
0|73001|
0|73002|
0|73003|
0|73004|
0|73005|
0|73006|
0|73007|
0|73008|
0|73009|
0|73010|
0|73011|
0|73012|
0|73013|
0|73014|
0|73015|
0|73016|
0|73017|
0|73018|
0|73019|
0|73020|
0|73021|
0|73022|
0|73023|
0|73024|
0|73025|
0|73026|
0|73027|
0|73028|
0|73029|
0|73030|
0|73031|
0|73032|
0|73033|
0|73035|
0|73036|
0|73037|
0|73038|
0|73039|
0|73040|
0|73041|
0|73042|
0|73043|
0|73044|
0|73045|
0|73046|
0|73047|
0|73048|
0|73049|
0|73050|
0|73051|
0|73052|
0|73053|
0|73054|
0|73055|
0|73056|
0|73057|
0|73058|
0|73059|
0|73060|
0|73061|
0|73062|
0|73063|
0|73064|
0|73065|
0|73066|
0|73067|
0|73068|
0|73069|
0|73070|
0|73071|
0|73072|
0|73073|
0|73074|
0|73075|
0|73076|
0|73077|
0|73078|
0|73079|
0|73080|
0|73081|
0|73082|
