0|721508|
0|721509|
0|721510|
0|721511|
0|721512|
0|721513|
0|721514|
0|721515|
0|721516|
0|721517|
0|721518|
0|721519|
0|721520|
0|721521|
0|721522|
0|721523|
0|721524|
0|721525|
0|721526|
0|721527|
0|721528|
0|721529|
0|721530|
0|721531|
0|721532|
0|721533|
0|721534|
0|721535|
0|721536|
0|721537|
0|721538|
0|721539|
0|721540|
0|721541|
0|721542|
0|721543|
0|721544|
0|721545|
0|721546|
0|721547|
0|721548|
0|721549|
0|721550|
0|721551|
0|721552|
0|721553|
0|721554|
0|721555|
0|721556|
0|721557|
0|721558|
0|721559|
0|721560|
