0|700053|
0|700054|
0|700055|
0|700056|
0|700057|
0|700058|
0|700059|
0|700060|
0|700061|
0|700062|
0|700063|
0|700064|
0|700065|
0|700066|
0|700067|
0|700068|
0|700069|
0|700070|
0|700071|
0|700072|
0|700073|
0|700074|
0|700075|
0|700076|
0|700077|
0|700078|
0|700079|
0|700080|
0|700081|
0|700082|
0|700083|
0|700084|
0|700085|
0|700086|
0|700087|
0|700088|
0|700089|
0|700090|
0|700091|
0|700092|
0|700093|
0|700094|
0|700095|
0|700096|
0|700097|
0|700098|
0|700099|
0|700100|
0|700101|
0|700102|
0|700103|
0|700104|
0|700105|
0|700106|
0|700107|
0|700108|
0|700109|
0|700110|
0|700111|
0|700112|
0|700113|
0|700114|
0|700115|
0|700116|
0|700117|
0|700118|
0|700119|
0|700120|
0|700121|
0|700122|
0|700123|
0|700124|
0|700125|
0|700126|
0|700127|
0|700128|
0|700129|
