0|444363|
0|444364|
0|444365|
0|444366|
0|444367|
0|444368|
0|444369|
0|444370|
0|444371|
0|444372|
0|444373|
0|444374|
0|444375|
0|444376|
0|444377|
0|444378|
0|444379|
0|444380|
0|444381|
0|444382|
0|444383|
0|444384|
0|444385|
0|444386|
0|444387|
0|444388|
0|444389|
0|444390|
0|444391|
0|444392|
0|444393|
0|444394|
0|444395|
0|444396|
0|444397|
0|444398|
0|444399|
0|444400|
0|444401|
0|444402|
0|444403|
0|444404|
0|444405|
0|444406|
0|444407|
0|444408|
0|444409|
0|444410|
0|444411|
0|444412|
0|444413|
0|444414|
0|444415|
0|444416|
0|444417|
0|444418|
0|444419|
