0|521634|
0|521635|
0|521636|
0|521637|
0|521638|
0|521639|
0|521640|
0|521641|
0|521642|
0|521643|
0|521644|
0|521645|
0|521646|
0|521647|
0|521648|
0|521649|
0|521650|
0|521651|
0|521652|
0|521653|
0|521654|
0|521655|
0|521656|
0|521657|
0|521658|
0|521659|
0|521660|
0|521661|
0|521662|
0|521663|
0|521664|
0|521665|
0|521666|
0|521667|
0|521668|
0|521669|
0|521670|
0|521671|
0|521672|
0|521673|
0|521674|
0|521675|
0|521676|
0|521677|
0|521678|
0|521679|
0|521680|
0|521681|
0|521682|
0|521683|
0|521684|
0|521685|
0|521686|
0|521687|
0|521688|
0|521689|
0|521690|
0|521691|
0|521692|
0|521693|
0|521694|
0|521695|
0|521696|
0|521697|
0|521698|
0|521699|
0|521700|
0|521701|
0|521702|
0|521703|
0|521704|
0|521705|
0|521706|
0|521707|
0|521708|
0|521709|
0|521710|
0|521711|
0|521712|
0|521713|
