0|209352|
0|209353|
0|209354|
0|209355|
0|209356|
0|209357|
0|209358|
0|209359|
0|209360|
0|209361|
0|209362|
0|209363|
0|209364|
0|209365|
0|209366|
0|209367|
0|209368|
0|209369|
0|209370|
0|209371|
0|209372|
0|209373|
0|209374|
0|209375|
0|209376|
0|209377|
0|209378|
0|209379|
0|209380|
0|209381|
0|209382|
0|209383|
0|209384|
0|209385|
0|209386|
0|209387|
0|209388|
0|209389|
0|209390|
0|209391|
0|209392|
0|209393|
0|209394|
0|209395|
0|209396|
0|209397|
0|209398|
0|209399|
0|209400|
0|209401|
0|209402|
0|209403|
0|209404|
0|209405|
0|209406|
0|209407|
0|209408|
0|209409|
0|209410|
0|209411|
0|209412|
0|209413|
0|209414|
0|209415|
0|209416|
0|209417|
0|209418|
0|209419|
0|209420|
0|209421|
0|209422|
0|209423|
0|209424|
0|209425|
0|209426|
0|209427|
0|209428|
0|209429|
0|209430|
0|209431|
0|209432|
0|209433|
0|209434|
0|209435|
0|209436|
0|209437|
0|209438|
0|209439|
0|209440|
0|209441|
0|209442|
0|209443|
0|209444|
0|209446|
0|209448|
0|209450|
