0|421690|
0|421691|
0|421692|
0|421693|
0|421694|
0|421695|
0|421696|
0|421697|
0|421698|
0|421699|
0|421700|
0|421701|
0|421702|
0|421703|
0|421704|
0|421705|
0|421706|
0|421707|
0|421708|
0|421709|
0|421710|
0|421711|
0|421712|
0|421713|
0|421714|
0|421715|
0|421716|
0|421717|
0|421718|
0|421719|
0|421720|
0|421721|
0|421722|
0|421723|
0|421724|
0|421725|
0|421726|
0|421727|
0|421728|
0|421729|
0|421730|
0|421731|
0|421732|
0|421733|
0|421734|
0|421735|
0|421736|
0|421737|
0|421738|
0|421739|
0|421740|
0|421741|
0|421742|
0|421743|
0|421744|
0|421745|
0|421746|
0|421747|
0|421748|
0|421749|
0|421750|
0|421751|
0|421752|
