0|117253|
0|117254|
0|117255|
0|117256|
0|117257|
0|117258|
0|117259|
0|117260|
0|117261|
0|117262|
0|117263|
0|117264|
0|117265|
0|117266|
0|117267|
0|117268|
0|117269|
0|117270|
0|117271|
0|117272|
0|117273|
0|117274|
0|117275|
0|117276|
0|117277|
0|117278|
0|117279|
0|117280|
0|117281|
0|117282|
0|117283|
0|117284|
0|117285|
0|117286|
0|117287|
0|117288|
0|117289|
0|117290|
0|117291|
0|117292|
0|117293|
0|117294|
0|117295|
0|117296|
0|117297|
0|117298|
0|117299|
0|117300|
0|117301|
0|117302|
0|117303|
0|117304|
0|117305|
0|117306|
0|117307|
0|117308|
0|117309|
0|117310|
0|117311|
0|117312|
0|117313|
0|117314|
0|117315|
0|117316|
0|117317|
0|117318|
0|117319|
0|117320|
0|117321|
0|117322|
0|117323|
0|117324|
0|117325|
