0|240580|
0|240581|
0|240582|
0|240583|
0|240584|
0|240585|
0|240586|
0|240587|
0|240588|
0|240589|
0|240590|
0|240591|
0|240592|
0|240593|
0|240594|
0|240595|
0|240596|
0|240597|
0|240598|
0|240599|
0|240600|
0|240601|
0|240602|
0|240603|
0|240604|
0|240605|
0|240606|
0|240607|
0|240608|
0|240609|
0|240610|
0|240611|
0|240612|
0|240613|
0|240614|
0|240615|
0|240616|
0|240617|
0|240618|
0|240619|
0|240620|
0|240621|
0|240622|
0|240623|
0|240624|
0|240625|
0|240626|
0|240627|
0|240628|
0|240629|
0|240630|
0|240631|
0|240632|
0|240633|
0|240634|
0|240635|
0|240636|
0|240637|
0|240638|
0|240639|
0|240640|
0|240641|
0|240642|
0|240643|
0|240644|
0|240645|
0|240646|
0|240647|
0|240648|
0|240649|
0|240650|
0|240651|
