0|608251|
0|608252|
0|608253|
0|608254|
0|608255|
0|608256|
0|608257|
0|608258|
0|608259|
0|608260|
0|608261|
0|608262|
0|608263|
0|608264|
0|608265|
0|608266|
0|608267|
0|608268|
0|608269|
0|608270|
0|608271|
0|608272|
0|608273|
0|608274|
0|608275|
0|608276|
0|608277|
0|608278|
0|608279|
0|608280|
0|608281|
0|608282|
0|608283|
0|608284|
0|608285|
0|608286|
0|608287|
0|608288|
0|608289|
0|608290|
0|608291|
0|608292|
0|608293|
0|608294|
0|608295|
0|608296|
0|608297|
0|608298|
0|608299|
0|608300|
0|608301|
0|608302|
0|608303|
0|608304|
0|608305|
0|608306|
0|608307|
0|608308|
0|608309|
0|608310|
0|608311|
0|608312|
0|608313|
0|608314|
0|608315|
0|608316|
0|608317|
0|608318|
0|608319|
0|608320|
0|608321|
0|608322|
0|608323|
0|608324|
0|608325|
0|608326|
0|608327|
0|608328|
0|608329|
0|608330|
0|608331|
0|608332|
0|608333|
0|608334|
0|608335|
0|608336|
0|608337|
0|608338|
0|608339|
0|608340|
0|608341|
0|608342|
0|608343|
