0|175404|
0|175405|
0|175406|
0|175407|
0|175408|
0|175409|
0|175410|
0|175411|
0|175412|
0|175413|
0|175414|
0|175415|
0|175416|
0|175417|
0|175418|
0|175419|
0|175420|
0|175421|
0|175422|
0|175423|
0|175424|
0|175425|
0|175426|
0|175427|
0|175428|
0|175429|
0|175430|
0|175431|
0|175432|
0|175433|
0|175434|
0|175435|
0|175436|
0|175437|
0|175438|
0|175439|
0|175440|
0|175441|
0|175442|
0|175443|
0|175444|
0|175445|
0|175446|
0|175447|
0|175448|
0|175449|
0|175450|
0|175451|
0|175452|
0|175453|
0|175454|
0|175455|
0|175456|
0|175457|
0|175458|
0|175459|
0|175460|
0|175461|
0|175462|
0|175463|
0|175464|
0|175465|
0|175466|
0|175467|
