0|151714|
0|151715|
0|151716|
0|151717|
0|151718|
0|151719|
0|151720|
0|151721|
0|151722|
0|151723|
0|151724|
0|151725|
0|151726|
0|151727|
0|151728|
0|151729|
0|151730|
0|151731|
0|151732|
0|151733|
0|151734|
0|151735|
0|151736|
0|151737|
0|151738|
0|151739|
0|151740|
0|151741|
0|151742|
0|151743|
0|151744|
0|151745|
0|151746|
0|151747|
0|151748|
0|151749|
0|151750|
0|151751|
0|151752|
0|151753|
0|151754|
0|151755|
0|151756|
0|151757|
0|151758|
0|151759|
0|151760|
0|151761|
0|151762|
0|151763|
0|151764|
0|151765|
0|151766|
0|151767|
0|151768|
0|151769|
0|151770|
0|151771|
0|151772|
0|151773|
0|151774|
0|151775|
0|151776|
0|151777|
0|151778|
0|151779|
0|151780|
0|151781|
0|151782|
0|151783|
0|151784|
0|151785|
0|151786|
0|151787|
0|151788|
0|151789|
0|151790|
0|151791|
0|151792|
0|151793|
0|151794|
0|151795|
0|151796|
0|151797|
0|151798|
0|151799|
0|151800|
0|151801|
