0|161756|
0|161757|
0|161758|
0|161759|
0|161760|
0|161761|
0|161762|
0|161763|
0|161765|
0|161767|
0|161769|
0|161770|
0|161771|
0|161772|
0|161773|
0|161774|
0|161775|
0|161776|
0|161777|
0|161778|
0|161779|
0|161780|
0|161781|
0|161782|
0|161783|
0|161784|
0|161785|
0|161786|
0|161787|
0|161788|
0|161789|
0|161790|
0|161791|
0|161792|
0|161793|
0|161794|
0|161795|
0|161796|
0|161797|
0|161798|
0|161799|
0|161800|
0|161801|
0|161802|
0|161803|
0|161804|
0|161805|
0|161806|
0|161807|
0|161808|
0|161809|
0|161810|
0|161811|
0|161812|
0|161813|
0|161814|
0|161815|
0|161816|
0|161817|
0|161818|
0|161819|
0|161820|
0|161821|
0|161822|
0|161823|
0|161824|
0|161825|
0|161826|
0|161827|
0|161828|
0|161829|
0|161830|
0|161831|
0|161832|
0|161833|
0|161834|
0|161835|
0|161836|
0|161837|
0|161838|
0|161839|
0|161840|
0|161841|
0|161842|
0|161843|
0|161844|
0|161845|
0|161846|
0|161847|
0|161848|
0|161849|
0|161850|
0|161851|
0|161852|
0|161853|
0|161854|
0|161855|
0|161856|
0|161857|
