0|657017|
0|657018|
0|657019|
0|657020|
0|657021|
0|657022|
0|657023|
0|657024|
0|657025|
0|657026|
0|657027|
0|657028|
0|657029|
0|657030|
0|657031|
0|657032|
0|657033|
0|657034|
0|657035|
0|657036|
0|657037|
0|657038|
0|657039|
0|657040|
0|657041|
0|657042|
0|657043|
0|657044|
0|657045|
0|657046|
0|657047|
0|657048|
0|657049|
0|657050|
0|657051|
0|657052|
0|657053|
0|657054|
0|657055|
0|657056|
0|657057|
0|657058|
0|657059|
0|657060|
0|657061|
0|657062|
0|657063|
0|657064|
0|657065|
0|657066|
0|657067|
0|657068|
0|657069|
0|657070|
0|657071|
0|657072|
0|657073|
0|657074|
0|657076|
0|657078|
0|657080|
0|657082|
0|657083|
0|657084|
0|657085|
0|657086|
0|657087|
0|657088|
0|657089|
0|657090|
0|657091|
0|657092|
0|657093|
0|657094|
0|657095|
0|657096|
0|657097|
0|657098|
0|657099|
0|657100|
0|657101|
