0|219489|
0|219490|
0|219491|
0|219492|
0|219493|
0|219494|
0|219495|
0|219496|
0|219497|
0|219498|
0|219499|
0|219500|
0|219501|
0|219502|
0|219503|
0|219504|
0|219505|
0|219506|
0|219507|
0|219508|
0|219509|
0|219510|
0|219511|
0|219512|
0|219513|
0|219514|
0|219515|
0|219516|
0|219517|
0|219518|
0|219519|
0|219520|
0|219521|
0|219522|
0|219523|
0|219524|
0|219525|
0|219526|
0|219527|
0|219528|
0|219529|
0|219530|
0|219531|
0|219532|
0|219533|
0|219534|
0|219535|
0|219536|
0|219537|
0|219538|
0|219539|
0|219540|
0|219541|
0|219542|
0|219543|
0|219544|
0|219545|
0|219546|
0|219547|
0|219548|
0|219549|
0|219550|
0|219551|
0|219552|
0|219553|
0|219554|
0|219555|
0|219556|
0|219557|
0|219558|
