0|635203|
0|635204|
0|635205|
0|635206|
0|635207|
0|635208|
0|635209|
0|635210|
0|635211|
0|635212|
0|635213|
0|635214|
0|635215|
0|635216|
0|635217|
0|635218|
0|635219|
0|635220|
0|635221|
0|635222|
0|635223|
0|635224|
0|635225|
0|635226|
0|635227|
0|635228|
0|635229|
0|635230|
0|635231|
0|635232|
0|635233|
0|635234|
0|635235|
0|635236|
0|635237|
0|635238|
0|635239|
0|635240|
0|635241|
0|635242|
0|635243|
0|635244|
0|635245|
0|635246|
0|635247|
0|635248|
0|635249|
0|635250|
0|635251|
0|635252|
0|635253|
0|635254|
0|635255|
0|635256|
0|635257|
0|635258|
0|635259|
0|635260|
0|635261|
0|635262|
0|635263|
0|635264|
0|635265|
0|635266|
0|635267|
0|635268|
0|635269|
0|635270|
0|635271|
0|635272|
0|635273|
0|635274|
0|635275|
0|635276|
0|635277|
0|635278|
0|635279|
0|635280|
0|635281|
0|635282|
0|635283|
0|635284|
0|635285|
0|635286|
0|635287|
0|635288|
0|635289|
0|635290|
0|635291|
0|635292|
0|635293|
0|635294|
0|635295|
0|635296|
0|635297|
0|635298|
0|635299|
0|635300|
0|635301|
