0|77774|
0|77775|
0|77776|
0|77777|
0|77778|
0|77779|
0|77780|
0|77781|
0|77782|
0|77783|
0|77784|
0|77785|
0|77786|
0|77787|
0|77788|
0|77789|
0|77790|
0|77791|
0|77792|
0|77793|
0|77794|
0|77795|
0|77796|
0|77797|
0|77798|
0|77799|
0|77800|
0|77801|
0|77802|
0|77803|
0|77804|
0|77805|
0|77806|
0|77807|
0|77808|
0|77809|
0|77810|
0|77811|
0|77812|
0|77813|
0|77814|
0|77815|
0|77816|
0|77817|
0|77818|
0|77819|
0|77820|
0|77821|
0|77822|
0|77823|
0|77824|
0|77825|
0|77826|
0|77827|
0|77828|
0|77829|
0|77830|
0|77831|
0|77832|
