0|662038|
0|662039|
0|662040|
0|662041|
0|662042|
0|662043|
0|662044|
0|662045|
0|662046|
0|662047|
0|662048|
0|662049|
0|662050|
0|662051|
0|662052|
0|662053|
0|662054|
0|662055|
0|662056|
0|662057|
0|662058|
0|662059|
0|662060|
0|662061|
0|662062|
0|662063|
0|662064|
0|662065|
0|662066|
0|662067|
0|662068|
0|662069|
0|662070|
0|662071|
0|662072|
0|662073|
0|662074|
0|662075|
0|662076|
0|662077|
0|662078|
0|662079|
0|662080|
0|662081|
0|662082|
0|662083|
0|662084|
0|662085|
0|662086|
0|662087|
0|662088|
0|662089|
0|662090|
0|662091|
0|662092|
0|662093|
0|662094|
0|662095|
0|662096|
0|662097|
0|662098|
0|662099|
0|662100|
0|662101|
0|662102|
0|662103|
0|662104|
0|662105|
0|662106|
0|662107|
0|662108|
0|662109|
0|662110|
0|662111|
0|662112|
0|662113|
0|662114|
0|662115|
0|662116|
0|662117|
0|662118|
