0|20669|
0|20670|
0|20671|
0|20672|
0|20673|
0|20674|
0|20675|
0|20676|
0|20677|
0|20678|
0|20679|
0|20680|
0|20681|
0|20682|
0|20683|
0|20684|
0|20685|
0|20686|
0|20687|
0|20688|
0|20689|
0|20690|
0|20691|
0|20692|
0|20693|
0|20694|
0|20695|
0|20696|
0|20697|
0|20698|
0|20699|
0|20700|
0|20701|
0|20702|
0|20703|
0|20704|
0|20705|
0|20706|
0|20707|
0|20708|
0|20709|
0|20710|
0|20711|
0|20712|
0|20713|
0|20714|
0|20715|
0|20716|
0|20717|
0|20718|
0|20719|
0|20720|
0|20721|
0|20722|
0|20723|
0|20724|
0|20725|
0|20726|
0|20727|
0|20728|
0|20729|
0|20730|
0|20731|
0|20732|
