0|502782|
0|502783|
0|502784|
0|502785|
0|502786|
0|502787|
0|502788|
0|502789|
0|502790|
0|502791|
0|502792|
0|502793|
0|502794|
0|502795|
0|502796|
0|502797|
0|502798|
0|502799|
0|502800|
0|502801|
0|502802|
0|502803|
0|502804|
0|502805|
0|502806|
0|502807|
0|502808|
0|502809|
0|502810|
0|502811|
0|502812|
0|502813|
0|502814|
0|502815|
0|502816|
0|502817|
0|502818|
0|502819|
0|502820|
0|502821|
0|502822|
0|502823|
0|502824|
0|502825|
0|502826|
0|502827|
0|502828|
0|502829|
0|502830|
0|502831|
0|502832|
0|502833|
0|502834|
0|502835|
0|502836|
0|502837|
0|502838|
0|502839|
0|502840|
0|502841|
0|502842|
0|502843|
0|502844|
0|502845|
0|502846|
0|502847|
0|502848|
0|502849|
0|502850|
0|502851|
0|502852|
0|502853|
0|502854|
0|502855|
0|502856|
0|502857|
0|502858|
0|502859|
0|502860|
0|502861|
0|502862|
0|502863|
0|502864|
0|502865|
0|502866|
0|502867|
0|502868|
0|502869|
0|502870|
0|502871|
0|502872|
0|502873|
0|502874|
0|502875|
0|502876|
0|502877|
0|502878|
0|502879|
0|502880|
0|502881|
0|502882|
0|502883|
0|502884|
0|502885|
0|502886|
0|502887|
0|502888|
0|502889|
0|502890|
0|502891|
0|502892|
