0|330486|
0|330487|
0|330488|
0|330489|
0|330490|
0|330491|
0|330492|
0|330493|
0|330494|
0|330495|
0|330496|
0|330497|
0|330498|
0|330499|
0|330500|
0|330501|
0|330502|
0|330503|
0|330504|
0|330505|
0|330506|
0|330507|
0|330508|
0|330509|
0|330510|
0|330511|
0|330512|
0|330513|
0|330514|
0|330515|
0|330516|
0|330517|
0|330518|
0|330519|
0|330520|
0|330521|
0|330522|
0|330523|
0|330524|
0|330525|
0|330526|
0|330527|
0|330528|
0|330529|
0|330530|
0|330531|
0|330532|
0|330533|
0|330534|
0|330535|
0|330536|
0|330537|
0|330538|
0|330539|
0|330540|
0|330541|
0|330542|
0|330543|
0|330544|
0|330545|
0|330546|
0|330547|
0|330548|
0|330549|
0|330550|
0|330551|
0|330552|
0|330553|
0|330554|
0|330555|
0|330556|
0|330557|
0|330558|
0|330559|
0|330560|
0|330561|
0|330562|
0|330563|
0|330564|
0|330565|
0|330566|
0|330567|
0|330568|
0|330569|
0|330570|
0|330571|
0|330572|
0|330573|
0|330574|
0|330575|
0|330576|
0|330577|
