0|657387|
0|657388|
0|657389|
0|657390|
0|657391|
0|657392|
0|657393|
0|657394|
0|657395|
0|657396|
0|657397|
0|657398|
0|657399|
0|657400|
0|657401|
0|657402|
0|657403|
0|657404|
0|657405|
0|657406|
0|657407|
0|657408|
0|657409|
0|657410|
0|657411|
0|657412|
0|657413|
0|657414|
0|657415|
0|657416|
0|657417|
0|657418|
0|657419|
0|657420|
0|657421|
0|657422|
0|657423|
0|657424|
0|657425|
0|657426|
0|657427|
0|657428|
0|657429|
0|657430|
0|657431|
0|657432|
0|657433|
0|657434|
0|657435|
0|657436|
0|657437|
0|657438|
0|657439|
0|657440|
0|657441|
0|657442|
0|657443|
0|657444|
0|657445|
0|657446|
0|657447|
0|657448|
0|657449|
0|657450|
0|657451|
0|657452|
0|657453|
0|657454|
0|657455|
0|657456|
0|657457|
0|657458|
0|657459|
0|657460|
0|657461|
0|657462|
0|657464|
0|657466|
0|657467|
0|657468|
0|657469|
