0|595973|
0|595974|
0|595975|
0|595976|
0|595977|
0|595978|
0|595979|
0|595980|
0|595981|
0|595982|
0|595983|
0|595984|
0|595985|
0|595986|
0|595987|
0|595988|
0|595989|
0|595990|
0|595991|
0|595992|
0|595993|
0|595994|
0|595995|
0|595996|
0|595997|
0|595998|
0|595999|
0|596000|
0|596001|
0|596002|
0|596003|
0|596004|
0|596005|
0|596006|
0|596007|
0|596008|
0|596009|
0|596010|
0|596011|
0|596012|
0|596013|
0|596014|
0|596015|
0|596016|
0|596017|
0|596018|
0|596019|
0|596020|
0|596021|
0|596022|
0|596023|
0|596024|
0|596025|
0|596026|
0|596027|
0|596028|
0|596029|
0|596030|
0|596031|
0|596032|
0|596033|
0|596034|
0|596035|
0|596036|
0|596037|
0|596038|
0|596039|
0|596040|
0|596041|
0|596042|
0|596043|
0|596044|
0|596045|
0|596046|
0|596047|
0|596048|
0|596049|
0|596050|
0|596051|
0|596052|
0|596053|
