0|684457|
0|684458|
0|684459|
0|684460|
0|684461|
0|684462|
0|684463|
0|684464|
0|684465|
0|684466|
0|684467|
0|684468|
0|684469|
0|684470|
0|684471|
0|684472|
0|684473|
0|684474|
0|684475|
0|684476|
0|684477|
0|684478|
0|684479|
0|684480|
0|684481|
0|684482|
0|684483|
0|684484|
0|684485|
0|684486|
0|684487|
0|684488|
0|684489|
0|684490|
0|684491|
0|684492|
0|684493|
0|684494|
0|684495|
0|684496|
0|684497|
0|684498|
0|684499|
0|684500|
0|684501|
0|684503|
0|684504|
0|684505|
0|684506|
0|684507|
0|684508|
0|684509|
0|684510|
0|684511|
0|684512|
0|684513|
0|684514|
0|684515|
0|684516|
0|684517|
0|684518|
0|684519|
0|684520|
0|684521|
0|684523|
0|684524|
0|684525|
0|684526|
0|684527|
0|684528|
0|684529|
0|684530|
0|684531|
0|684532|
0|684533|
0|684534|
0|684535|
0|684536|
0|684537|
0|684538|
0|684539|
0|684540|
0|684541|
0|684542|
0|684543|
0|684544|
0|684545|
0|684546|
0|684547|
0|684548|
0|684549|
0|684550|
0|684551|
0|684552|
0|684553|
0|684554|
0|684555|
0|684556|
0|684557|
0|684558|
0|684559|
0|684560|
0|684561|
0|684562|
0|684563|
0|684564|
0|684565|
0|684566|
0|684567|
0|684568|
0|684569|
0|684570|
