0|581671|
0|581673|
0|581675|
0|581677|
0|581679|
0|581681|
0|581683|
0|581685|
0|581687|
0|581689|
0|581691|
0|581693|
0|581695|
0|581697|
0|581699|
0|581701|
0|581703|
0|581705|
0|581707|
0|581709|
0|581711|
0|581713|
0|581715|
0|581717|
0|581719|
0|581721|
0|581723|
0|581725|
0|581727|
0|581729|
0|581731|
0|581733|
0|581735|
0|581737|
0|581739|
0|581741|
0|581743|
0|581745|
0|581747|
0|581749|
0|581751|
0|581753|
0|581755|
0|581757|
0|581759|
0|581761|
0|581763|
0|581765|
0|581767|
0|581769|
0|581771|
0|581772|
0|581774|
0|581776|
