0|266186|
0|266187|
0|266188|
0|266189|
0|266190|
0|266191|
0|266192|
0|266193|
0|266194|
0|266195|
0|266196|
0|266197|
0|266198|
0|266199|
0|266200|
0|266201|
0|266202|
0|266203|
0|266204|
0|266205|
0|266206|
0|266207|
0|266208|
0|266209|
0|266210|
0|266211|
0|266212|
0|266213|
0|266214|
0|266215|
0|266216|
0|266217|
0|266218|
0|266219|
0|266220|
0|266221|
0|266222|
0|266223|
0|266224|
0|266225|
0|266226|
0|266227|
0|266228|
0|266229|
0|266230|
0|266231|
0|266232|
0|266233|
0|266234|
0|266235|
0|266236|
0|266237|
0|266238|
0|266239|
0|266240|
0|266241|
0|266242|
0|266243|
0|266244|
0|266245|
0|266246|
0|266247|
0|266248|
0|266249|
0|266250|
0|266251|
0|266252|
0|266253|
0|266254|
0|266255|
0|266256|
0|266257|
0|266258|
0|266259|
0|266260|
0|266261|
0|266262|
0|266263|
0|266264|
0|266265|
0|266266|
0|266267|
0|266268|
0|266269|
0|266270|
0|266271|
0|266272|
0|266273|
0|266274|
0|266275|
0|266276|
0|266277|
0|266278|
0|266279|
0|266280|
0|266281|
0|266282|
0|266283|
0|266284|
0|266285|
