0|599149|
0|599150|
0|599151|
0|599152|
0|599153|
0|599154|
0|599155|
0|599156|
0|599157|
0|599158|
0|599159|
0|599160|
0|599161|
0|599162|
0|599163|
0|599164|
0|599165|
0|599166|
0|599167|
0|599168|
0|599169|
0|599170|
0|599171|
0|599172|
0|599173|
0|599174|
0|599175|
0|599176|
0|599177|
0|599178|
0|599179|
0|599180|
0|599181|
0|599182|
0|599183|
0|599184|
0|599185|
0|599186|
0|599187|
0|599188|
0|599189|
0|599190|
0|599191|
0|599192|
0|599193|
0|599194|
0|599195|
0|599196|
0|599197|
0|599198|
0|599199|
0|599200|
0|599201|
0|599202|
0|599203|
0|599204|
0|599205|
0|599206|
0|599207|
0|599208|
0|599209|
0|599210|
0|599211|
0|599212|
0|599213|
0|599214|
0|599215|
0|599216|
0|599217|
0|599218|
0|599219|
0|599220|
0|599221|
0|599222|
0|599223|
0|599224|
0|599225|
0|599226|
0|599227|
0|599228|
0|599229|
