0|369157|
0|369159|
0|369160|
0|369162|
0|369164|
0|369166|
0|369168|
0|369170|
0|369172|
0|369174|
0|369176|
0|369178|
0|369180|
0|369182|
0|369184|
0|369186|
0|369188|
0|369190|
0|369192|
0|369194|
0|369196|
0|369198|
0|369199|
0|369200|
0|369201|
0|369202|
0|369203|
0|369204|
0|369205|
0|369206|
0|369207|
0|369208|
0|369209|
0|369210|
0|369211|
0|369212|
0|369213|
0|369214|
0|369215|
0|369216|
0|369217|
0|369218|
0|369219|
0|369220|
0|369221|
0|369222|
0|369223|
0|369224|
0|369225|
0|369226|
0|369227|
0|369228|
0|369229|
0|369230|
0|369231|
0|369232|
0|369233|
0|369234|
0|369235|
0|369236|
0|369237|
0|369238|
0|369239|
0|369240|
0|369241|
0|369242|
0|369243|
0|369244|
0|369245|
0|369246|
0|369247|
0|369248|
0|369249|
0|369250|
0|369251|
0|369252|
0|369253|
0|369254|
0|369255|
0|369256|
0|369257|
0|369258|
0|369259|
0|369260|
0|369261|
0|369262|
0|369263|
0|369264|
0|369265|
0|369266|
0|369267|
0|369268|
0|369269|
0|369270|
0|369271|
0|369272|
0|369273|
0|369274|
0|369275|
