0|205604|
0|205605|
0|205606|
0|205607|
0|205608|
0|205609|
0|205610|
0|205611|
0|205612|
0|205613|
0|205614|
0|205615|
0|205616|
0|205617|
0|205618|
0|205619|
0|205620|
0|205621|
0|205622|
0|205623|
0|205624|
0|205625|
0|205626|
0|205627|
0|205628|
0|205629|
0|205630|
0|205631|
0|205632|
0|205633|
0|205634|
0|205635|
0|205636|
0|205637|
0|205638|
0|205639|
0|205640|
0|205641|
0|205642|
0|205643|
0|205644|
0|205645|
0|205646|
0|205647|
0|205648|
0|205649|
0|205650|
0|205651|
0|205652|
0|205653|
0|205654|
0|205655|
0|205656|
