0|240758|
0|240759|
0|240760|
0|240761|
0|240762|
0|240763|
0|240764|
0|240765|
0|240766|
0|240767|
0|240768|
0|240769|
0|240770|
0|240771|
0|240772|
0|240773|
0|240774|
0|240775|
0|240776|
0|240777|
0|240778|
0|240779|
0|240780|
0|240781|
0|240782|
0|240783|
0|240784|
0|240785|
0|240786|
0|240787|
0|240788|
0|240789|
0|240790|
0|240791|
0|240792|
0|240793|
0|240794|
0|240795|
0|240796|
0|240797|
0|240798|
0|240799|
0|240800|
0|240801|
0|240802|
0|240803|
0|240804|
0|240805|
0|240806|
0|240807|
0|240808|
0|240809|
0|240810|
0|240811|
0|240812|
0|240813|
0|240814|
0|240815|
0|240816|
0|240817|
0|240818|
0|240819|
0|240820|
0|240821|
0|240822|
0|240823|
0|240824|
0|240825|
0|240826|
0|240827|
0|240828|
0|240829|
