0|373381|
0|373382|
0|373383|
0|373384|
0|373385|
0|373386|
0|373387|
0|373388|
0|373389|
0|373390|
0|373391|
0|373392|
0|373393|
0|373394|
0|373395|
0|373396|
0|373397|
0|373398|
0|373399|
0|373400|
0|373401|
0|373402|
0|373403|
0|373404|
0|373405|
0|373406|
0|373407|
0|373408|
0|373409|
0|373410|
0|373411|
0|373412|
0|373413|
0|373414|
0|373415|
0|373416|
0|373417|
0|373418|
0|373419|
0|373420|
0|373421|
0|373422|
0|373423|
0|373424|
0|373425|
0|373427|
0|373428|
0|373429|
0|373430|
0|373431|
0|373432|
