0|240683|
0|240684|
0|240685|
0|240686|
0|240687|
0|240688|
0|240689|
0|240690|
0|240691|
0|240692|
0|240693|
0|240694|
0|240695|
0|240696|
0|240697|
0|240698|
0|240699|
0|240700|
0|240701|
0|240702|
0|240703|
0|240704|
0|240705|
0|240706|
0|240707|
0|240708|
0|240709|
0|240710|
0|240711|
0|240712|
0|240713|
0|240714|
0|240715|
0|240716|
0|240717|
0|240718|
0|240719|
0|240720|
0|240721|
0|240722|
0|240723|
0|240724|
0|240725|
0|240726|
0|240727|
0|240728|
0|240729|
0|240730|
0|240731|
0|240732|
0|240733|
0|240734|
