0|161643|
0|161644|
0|161645|
0|161646|
0|161647|
0|161648|
0|161649|
0|161650|
0|161651|
0|161652|
0|161653|
0|161655|
0|161657|
0|161658|
0|161659|
0|161660|
0|161661|
0|161662|
0|161663|
0|161664|
0|161665|
0|161666|
0|161667|
0|161668|
0|161669|
0|161670|
0|161671|
0|161672|
0|161673|
0|161674|
0|161675|
0|161676|
0|161677|
0|161678|
0|161679|
0|161680|
0|161681|
0|161682|
0|161683|
0|161684|
0|161685|
0|161686|
0|161687|
0|161688|
0|161689|
0|161690|
0|161691|
0|161692|
0|161693|
0|161694|
0|161695|
0|161696|
0|161697|
0|161698|
0|161699|
0|161700|
0|161701|
0|161702|
0|161703|
0|161704|
0|161705|
0|161706|
0|161707|
0|161708|
0|161709|
0|161710|
0|161711|
0|161712|
0|161713|
0|161714|
0|161715|
0|161717|
0|161719|
0|161720|
0|161721|
0|161722|
0|161723|
0|161724|
0|161725|
0|161726|
0|161727|
0|161728|
0|161729|
0|161730|
0|161731|
0|161732|
0|161733|
0|161734|
0|161735|
0|161736|
0|161737|
0|161738|
0|161739|
0|161740|
0|161741|
0|161742|
0|161743|
0|161744|
0|161745|
0|161746|
0|161747|
0|161748|
0|161749|
0|161750|
0|161751|
0|161752|
0|161753|
0|161754|
0|161755|
