0|744852|
0|744853|
0|744854|
0|744855|
0|744856|
0|744857|
0|744858|
0|744859|
0|744860|
0|744861|
0|744862|
0|744863|
0|744864|
0|744865|
0|744866|
0|744867|
0|744868|
0|744869|
0|744870|
0|744871|
0|744872|
0|744873|
0|744874|
0|744875|
0|744876|
0|744877|
0|744878|
0|744879|
0|744880|
0|744881|
0|744882|
0|744883|
0|744884|
0|744885|
0|744886|
0|744887|
0|744888|
0|744889|
0|744890|
0|744891|
0|744892|
0|744893|
0|744894|
0|744895|
0|744896|
0|744897|
0|744898|
0|744899|
0|744900|
0|744901|
0|744902|
0|744903|
0|744904|
0|744905|
0|744906|
0|744907|
0|744908|
0|744909|
0|744910|
0|744911|
0|744912|
0|744913|
0|744915|
