0|532961|
0|532962|
0|532963|
0|532964|
0|532965|
0|532966|
0|532967|
0|532968|
0|532969|
0|532970|
0|532971|
0|532972|
0|532973|
0|532974|
0|532975|
0|532976|
0|532977|
0|532978|
0|532979|
0|532980|
0|532981|
0|532982|
0|532983|
0|532984|
0|532985|
0|532986|
0|532987|
0|532988|
0|532989|
0|532990|
0|532991|
0|532992|
0|532993|
0|532994|
0|532996|
0|532997|
0|532998|
0|532999|
0|533000|
0|533001|
0|533002|
0|533003|
0|533004|
0|533005|
0|533006|
0|533007|
0|533008|
0|533009|
0|533010|
0|533011|
0|533012|
0|533013|
0|533014|
0|533015|
0|533016|
0|533017|
0|533018|
0|533019|
0|533020|
