0|602017|
0|602018|
0|602019|
0|602020|
0|602021|
0|602022|
0|602023|
0|602024|
0|602025|
0|602026|
0|602027|
0|602028|
0|602029|
0|602030|
0|602031|
0|602032|
0|602033|
0|602034|
0|602035|
0|602036|
0|602037|
0|602038|
0|602039|
0|602040|
0|602041|
0|602042|
0|602043|
0|602044|
0|602045|
0|602046|
0|602047|
0|602048|
0|602049|
0|602050|
0|602051|
0|602052|
0|602053|
0|602054|
0|602055|
0|602056|
0|602057|
0|602058|
0|602059|
0|602060|
0|602061|
0|602062|
0|602063|
0|602064|
0|602065|
0|602066|
0|602067|
