0|508903|
0|508904|
0|508905|
0|508906|
0|508907|
0|508908|
0|508909|
0|508910|
0|508911|
0|508912|
0|508913|
0|508914|
0|508915|
0|508916|
0|508917|
0|508918|
0|508919|
0|508920|
0|508921|
0|508922|
0|508923|
0|508924|
0|508925|
0|508926|
0|508927|
0|508928|
0|508929|
0|508930|
0|508931|
0|508932|
0|508933|
0|508934|
0|508935|
0|508936|
0|508937|
0|508938|
0|508939|
0|508940|
0|508941|
0|508942|
0|508943|
0|508944|
0|508945|
0|508946|
0|508947|
0|508948|
0|508949|
0|508950|
0|508951|
0|508952|
0|508953|
0|508954|
0|508955|
0|508956|
0|508957|
0|508958|
0|508959|
0|508960|
0|508961|
0|508962|
0|508963|
0|508964|
0|508965|
0|508966|
0|508967|
0|508968|
0|508969|
0|508970|
0|508971|
0|508972|
0|508973|
0|508974|
0|508975|
0|508976|
0|508977|
0|508978|
0|508979|
0|508980|
0|508981|
