0|370452|
0|370453|
0|370454|
0|370455|
0|370456|
0|370457|
0|370458|
0|370459|
0|370460|
0|370461|
0|370462|
0|370463|
0|370464|
0|370465|
0|370466|
0|370467|
0|370468|
0|370469|
0|370470|
0|370471|
0|370472|
0|370473|
0|370474|
0|370475|
0|370476|
0|370477|
0|370478|
0|370479|
0|370480|
0|370481|
0|370482|
0|370483|
0|370484|
0|370485|
0|370486|
0|370487|
0|370488|
0|370489|
0|370490|
0|370491|
0|370492|
0|370493|
0|370494|
0|370495|
0|370496|
0|370497|
0|370498|
0|370499|
0|370500|
0|370501|
0|370502|
0|370503|
0|370504|
0|370505|
0|370506|
0|370507|
0|370508|
0|370509|
0|370510|
0|370511|
0|370512|
0|370513|
0|370514|
0|370515|
0|370516|
0|370517|
0|370518|
0|370519|
0|370520|
