0|517750|
0|517752|
0|517754|
0|517756|
0|517758|
0|517760|
0|517761|
0|517762|
0|517763|
0|517764|
0|517765|
0|517766|
0|517767|
0|517768|
0|517769|
0|517770|
0|517771|
0|517772|
0|517773|
0|517774|
0|517775|
0|517776|
0|517777|
0|517778|
0|517779|
0|517780|
0|517781|
0|517782|
0|517783|
0|517784|
0|517785|
0|517786|
0|517787|
0|517788|
0|517789|
0|517790|
0|517791|
0|517792|
0|517793|
0|517794|
0|517795|
0|517796|
0|517797|
0|517798|
0|517800|
0|517802|
0|517804|
0|517806|
0|517807|
0|517808|
0|517809|
0|517810|
0|517811|
0|517812|
0|517813|
0|517814|
0|517815|
0|517816|
0|517817|
0|517818|
0|517819|
0|517820|
0|517821|
