0|300425|
0|300426|
0|300427|
0|300428|
0|300429|
0|300430|
0|300431|
0|300432|
0|300433|
0|300434|
0|300435|
0|300436|
0|300437|
0|300438|
0|300439|
0|300440|
0|300441|
0|300442|
0|300443|
0|300444|
0|300445|
0|300446|
0|300447|
0|300448|
0|300449|
0|300450|
0|300451|
0|300452|
0|300453|
0|300454|
0|300455|
0|300456|
0|300457|
0|300458|
0|300459|
0|300460|
0|300461|
0|300462|
0|300463|
0|300464|
0|300465|
0|300466|
0|300467|
0|300468|
0|300469|
0|300470|
0|300471|
0|300472|
0|300473|
0|300474|
0|300475|
0|300476|
0|300477|
0|300478|
0|300479|
0|300480|
0|300481|
0|300482|
0|300483|
0|300484|
0|300485|
0|300486|
0|300487|
0|300488|
0|300489|
