0|304212|
0|304213|
0|304214|
0|304215|
0|304216|
0|304217|
0|304218|
0|304219|
0|304220|
0|304221|
0|304222|
0|304223|
0|304224|
0|304225|
0|304226|
0|304227|
0|304228|
0|304229|
0|304230|
0|304231|
0|304232|
0|304233|
0|304234|
0|304235|
0|304236|
0|304237|
0|304238|
0|304239|
0|304240|
0|304241|
0|304242|
0|304243|
0|304244|
0|304245|
0|304246|
0|304247|
0|304248|
0|304249|
0|304250|
0|304251|
0|304252|
0|304254|
0|304255|
0|304256|
0|304257|
0|304258|
0|304259|
0|304260|
0|304261|
0|304262|
0|304263|
0|304264|
0|304265|
0|304266|
0|304267|
0|304268|
0|304269|
0|304270|
0|304271|
0|304272|
0|304273|
0|304274|
0|304275|
0|304276|
