0|48981|
0|48982|
0|48983|
0|48984|
0|48985|
0|48986|
0|48987|
0|48988|
0|48989|
0|48990|
0|48991|
0|48992|
0|48993|
0|48994|
0|48995|
0|48996|
0|48997|
0|48998|
0|48999|
0|49000|
0|49001|
0|49002|
0|49003|
0|49004|
0|49005|
0|49006|
0|49007|
0|49008|
0|49009|
0|49010|
0|49011|
0|49012|
0|49013|
0|49014|
0|49015|
0|49016|
0|49017|
0|49018|
0|49019|
0|49020|
0|49021|
0|49022|
0|49023|
0|49024|
0|49025|
0|49026|
0|49027|
0|49028|
0|49029|
0|49030|
0|49031|
0|49032|
0|49033|
0|49034|
0|49035|
0|49036|
0|49037|
0|49038|
0|49039|
0|49040|
0|49041|
0|49042|
0|49043|
0|49044|
0|49045|
0|49046|
0|49047|
0|49048|
0|49049|
0|49050|
0|49051|
0|49052|
0|49053|
0|49054|
0|49055|
0|49056|
0|49057|
0|49058|
0|49059|
0|49060|
0|49061|
0|49062|
0|49063|
0|49064|
0|49065|
0|49066|
0|49067|
0|49068|
