0|169667|
0|169668|
0|169669|
0|169670|
0|169671|
0|169672|
0|169673|
0|169674|
0|169675|
0|169676|
0|169677|
0|169678|
0|169679|
0|169680|
0|169681|
0|169682|
0|169683|
0|169684|
0|169685|
0|169686|
0|169687|
0|169688|
0|169689|
0|169690|
0|169691|
0|169692|
0|169693|
0|169694|
0|169695|
0|169696|
0|169697|
0|169698|
0|169699|
0|169700|
0|169701|
0|169702|
0|169703|
0|169704|
0|169705|
0|169706|
0|169707|
0|169708|
0|169709|
0|169710|
0|169711|
0|169712|
0|169713|
0|169714|
0|169715|
0|169716|
0|169717|
0|169718|
0|169719|
0|169720|
0|169721|
0|169722|
0|169723|
0|169724|
0|169725|
