0|717391|
0|717392|
0|717393|
0|717394|
0|717395|
0|717396|
0|717397|
0|717398|
0|717399|
0|717400|
0|717401|
0|717402|
0|717403|
0|717404|
0|717405|
0|717406|
0|717407|
0|717408|
0|717409|
0|717410|
0|717411|
0|717412|
0|717413|
0|717414|
0|717415|
0|717416|
0|717417|
0|717418|
0|717419|
0|717420|
0|717421|
0|717422|
0|717423|
0|717424|
0|717425|
0|717426|
0|717427|
0|717428|
0|717429|
0|717430|
0|717431|
0|717432|
0|717433|
0|717434|
0|717435|
0|717436|
0|717437|
0|717438|
0|717439|
0|717440|
0|717441|
0|717442|
0|717443|
0|717444|
0|717445|
