0|600593|
0|600595|
0|600597|
0|600599|
0|600600|
0|600602|
0|600604|
0|600606|
0|600608|
0|600610|
0|600611|
0|600612|
0|600613|
0|600614|
0|600615|
0|600616|
0|600617|
0|600618|
0|600619|
0|600620|
0|600621|
0|600622|
0|600623|
0|600624|
0|600625|
0|600626|
0|600627|
0|600628|
0|600629|
0|600630|
0|600631|
0|600632|
0|600633|
0|600634|
0|600635|
0|600636|
0|600637|
0|600638|
0|600639|
0|600640|
0|600641|
0|600642|
0|600643|
0|600644|
0|600645|
0|600646|
0|600647|
0|600648|
0|600649|
0|600650|
0|600651|
0|600652|
0|600653|
0|600654|
0|600655|
0|600656|
0|600657|
0|600658|
0|600659|
0|600660|
0|600661|
0|600662|
0|600663|
0|600664|
0|600665|
0|600666|
0|600667|
0|600668|
0|600669|
