0|644315|
0|644316|
0|644317|
0|644318|
0|644319|
0|644320|
0|644321|
0|644322|
0|644323|
0|644324|
0|644325|
0|644326|
0|644327|
0|644328|
0|644329|
0|644330|
0|644331|
0|644332|
0|644333|
0|644334|
0|644335|
0|644336|
0|644337|
0|644338|
0|644339|
0|644340|
0|644341|
0|644342|
0|644343|
0|644344|
0|644345|
0|644346|
0|644347|
0|644348|
0|644349|
0|644350|
0|644351|
0|644352|
0|644353|
0|644354|
0|644355|
0|644356|
0|644357|
0|644358|
0|644359|
0|644360|
0|644361|
0|644362|
0|644363|
0|644364|
0|644365|
0|644366|
0|644367|
0|644368|
0|644369|
0|644370|
0|644371|
0|644372|
0|644373|
0|644374|
0|644375|
0|644376|
0|644377|
0|644378|
0|644379|
0|644380|
0|644381|
0|644382|
0|644383|
0|644384|
0|644385|
0|644386|
0|644387|
0|644388|
0|644389|
0|644390|
0|644391|
0|644392|
0|644393|
0|644394|
0|644395|
0|644396|
0|644397|
0|644398|
0|644399|
0|644400|
0|644401|
0|644402|
0|644403|
0|644404|
0|644405|
0|644406|
0|644407|
