0|653730|
0|653731|
0|653732|
0|653733|
0|653734|
0|653735|
0|653736|
0|653737|
0|653738|
0|653739|
0|653740|
0|653741|
0|653742|
0|653743|
0|653744|
0|653745|
0|653746|
0|653747|
0|653748|
0|653749|
0|653750|
0|653751|
0|653752|
0|653753|
0|653754|
0|653755|
0|653756|
0|653757|
0|653758|
0|653759|
0|653760|
0|653761|
0|653762|
0|653763|
0|653764|
0|653765|
0|653766|
0|653767|
0|653768|
0|653769|
0|653770|
0|653771|
0|653772|
0|653773|
0|653774|
0|653775|
0|653776|
0|653777|
0|653778|
0|653779|
0|653780|
0|653781|
0|653782|
0|653783|
0|653784|
0|653785|
0|653786|
0|653787|
0|653788|
0|653789|
0|653790|
0|653791|
0|653792|
0|653793|
0|653794|
0|653795|
0|653796|
0|653797|
0|653798|
0|653799|
0|653800|
0|653801|
0|653802|
0|653803|
0|653804|
0|653805|
0|653806|
0|653807|
0|653808|
0|653809|
0|653810|
0|653811|
