0|238807|
0|238808|
0|238809|
0|238810|
0|238811|
0|238812|
0|238813|
0|238814|
0|238815|
0|238816|
0|238817|
0|238818|
0|238819|
0|238820|
0|238821|
0|238822|
0|238823|
0|238824|
0|238825|
0|238826|
0|238827|
0|238828|
0|238829|
0|238830|
0|238831|
0|238832|
0|238833|
0|238834|
0|238835|
0|238836|
0|238837|
0|238838|
0|238839|
0|238840|
0|238841|
0|238842|
0|238843|
0|238844|
0|238845|
0|238846|
0|238847|
0|238848|
0|238849|
0|238850|
0|238851|
0|238852|
0|238853|
0|238854|
0|238855|
0|238856|
0|238857|
0|238858|
0|238859|
0|238860|
0|238861|
0|238862|
0|238863|
0|238864|
0|238865|
0|238866|
0|238867|
0|238868|
0|238869|
0|238870|
0|238871|
0|238872|
0|238873|
0|238874|
0|238875|
0|238876|
0|238877|
0|238878|
0|238879|
0|238880|
0|238881|
