0|592985|
0|592987|
0|592989|
0|592991|
0|592993|
0|592995|
0|592997|
0|592999|
0|593001|
0|593003|
0|593005|
0|593007|
0|593009|
0|593011|
0|593013|
0|593015|
0|593017|
0|593019|
0|593020|
0|593021|
0|593022|
0|593023|
0|593024|
0|593025|
0|593026|
0|593027|
0|593028|
0|593029|
0|593030|
0|593031|
0|593032|
0|593033|
0|593034|
0|593035|
0|593036|
0|593037|
0|593038|
0|593039|
0|593040|
0|593041|
0|593042|
0|593043|
0|593044|
0|593045|
0|593046|
0|593047|
0|593048|
0|593049|
0|593050|
0|593051|
0|593052|
0|593053|
0|593054|
0|593055|
0|593056|
0|593057|
0|593058|
0|593059|
0|593060|
0|593061|
0|593062|
0|593063|
0|593064|
0|593065|
0|593066|
0|593067|
0|593068|
0|593069|
0|593070|
0|593071|
0|593072|
0|593073|
0|593074|
0|593075|
0|593076|
0|593077|
0|593078|
0|593079|
0|593080|
0|593081|
0|593082|
