0|90875|
0|90876|
0|90877|
0|90878|
0|90879|
0|90880|
0|90881|
0|90882|
0|90883|
0|90884|
0|90885|
0|90886|
0|90887|
0|90888|
0|90889|
0|90890|
0|90891|
0|90892|
0|90893|
0|90894|
0|90895|
0|90896|
0|90897|
0|90898|
0|90899|
0|90900|
0|90901|
0|90902|
0|90903|
0|90904|
0|90905|
0|90906|
0|90907|
0|90908|
0|90909|
0|90910|
0|90911|
0|90912|
0|90913|
0|90914|
0|90915|
0|90916|
0|90917|
0|90918|
0|90919|
0|90920|
0|90921|
0|90922|
0|90923|
0|90924|
0|90925|
0|90926|
0|90927|
0|90928|
0|90929|
0|90930|
0|90931|
0|90932|
0|90933|
0|90934|
0|90935|
0|90936|
0|90937|
0|90938|
0|90939|
0|90940|
0|90941|
0|90942|
0|90943|
0|90944|
0|90945|
0|90946|
0|90947|
0|90948|
0|90949|
0|90950|
0|90951|
0|90952|
0|90953|
0|90954|
0|90955|
0|90956|
0|90957|
0|90958|
0|90959|
0|90960|
0|90961|
0|90962|
0|90963|
0|90964|
0|90965|
0|90966|
0|90967|
0|90968|
0|90969|
0|90970|
0|90971|
0|90972|
0|90973|
0|90974|
0|90975|
0|90976|
0|90977|
0|90978|
0|90979|
0|90980|
0|90981|
0|90982|
0|90983|
0|90984|
0|90985|
0|90986|
0|90987|
0|90988|
0|90989|
0|90990|
0|90991|
