0|418202|
0|418203|
0|418204|
0|418205|
0|418206|
0|418207|
0|418208|
0|418209|
0|418210|
0|418211|
0|418212|
0|418213|
0|418214|
0|418215|
0|418216|
0|418217|
0|418218|
0|418219|
0|418220|
0|418221|
0|418222|
0|418223|
0|418224|
0|418225|
0|418226|
0|418227|
0|418228|
0|418229|
0|418230|
0|418231|
0|418232|
0|418233|
0|418234|
0|418235|
0|418236|
0|418237|
0|418238|
0|418239|
0|418240|
0|418241|
0|418242|
0|418243|
0|418244|
0|418245|
0|418246|
0|418247|
0|418248|
0|418249|
0|418250|
0|418251|
0|418252|
0|418253|
0|418254|
0|418255|
0|418256|
0|418257|
0|418258|
0|418259|
0|418260|
0|418261|
0|418262|
0|418263|
0|418264|
0|418265|
0|418266|
0|418267|
0|418268|
0|418269|
0|418270|
0|418271|
