0|616105|
0|616106|
0|616107|
0|616108|
0|616109|
0|616110|
0|616111|
0|616112|
0|616113|
0|616114|
0|616115|
0|616116|
0|616117|
0|616118|
0|616119|
0|616120|
0|616121|
0|616122|
0|616123|
0|616124|
0|616125|
0|616126|
0|616127|
0|616128|
0|616129|
0|616130|
0|616131|
0|616132|
0|616133|
0|616134|
0|616135|
0|616136|
0|616137|
0|616138|
0|616139|
0|616140|
0|616141|
0|616142|
0|616143|
0|616144|
0|616145|
0|616146|
0|616147|
0|616148|
0|616149|
0|616150|
0|616151|
0|616152|
0|616153|
0|616154|
0|616155|
0|616156|
0|616157|
0|616158|
0|616159|
0|616160|
0|616161|
0|616162|
0|616163|
0|616164|
0|616165|
0|616166|
0|616167|
0|616168|
0|616169|
0|616170|
0|616171|
0|616172|
0|616173|
0|616174|
0|616175|
0|616176|
0|616177|
0|616178|
0|616179|
0|616180|
0|616181|
0|616182|
0|616183|
0|616184|
0|616185|
0|616186|
0|616187|
0|616188|
0|616189|
0|616190|
0|616191|
0|616192|
0|616193|
0|616194|
0|616195|
0|616196|
0|616197|
0|616198|
