0|205345|
0|205346|
0|205347|
0|205348|
0|205349|
0|205350|
0|205351|
0|205352|
0|205353|
0|205354|
0|205355|
0|205356|
0|205357|
0|205358|
0|205359|
0|205360|
0|205361|
0|205362|
0|205363|
0|205364|
0|205365|
0|205366|
0|205367|
0|205368|
0|205369|
0|205370|
0|205371|
0|205372|
0|205373|
0|205374|
0|205375|
0|205376|
0|205377|
0|205378|
0|205379|
0|205380|
0|205381|
0|205382|
0|205383|
0|205384|
0|205385|
0|205386|
0|205387|
0|205388|
0|205389|
0|205390|
0|205391|
0|205392|
0|205393|
0|205394|
0|205395|
0|205397|
0|205398|
0|205399|
0|205400|
0|205401|
0|205402|
0|205403|
0|205404|
0|205405|
0|205406|
0|205407|
0|205408|
0|205409|
0|205410|
0|205411|
0|205412|
0|205413|
0|205414|
0|205415|
0|205416|
0|205417|
0|205418|
0|205419|
0|205420|
0|205421|
0|205422|
0|205423|
0|205424|
0|205425|
0|205426|
0|205427|
