0|657144|
0|657145|
0|657146|
0|657147|
0|657148|
0|657149|
0|657150|
0|657151|
0|657152|
0|657153|
0|657154|
0|657155|
0|657156|
0|657157|
0|657158|
0|657159|
0|657160|
0|657161|
0|657162|
0|657163|
0|657164|
0|657165|
0|657166|
0|657167|
0|657168|
0|657169|
0|657170|
0|657171|
0|657172|
0|657173|
0|657174|
0|657175|
0|657176|
0|657177|
0|657178|
0|657179|
0|657180|
0|657181|
0|657182|
0|657183|
0|657184|
0|657185|
0|657186|
0|657189|
0|657191|
0|657193|
0|657195|
0|657197|
0|657199|
0|657200|
0|657201|
0|657202|
0|657203|
0|657204|
0|657205|
0|657206|
0|657207|
0|657208|
0|657209|
0|657210|
0|657211|
0|657212|
0|657213|
0|657214|
0|657215|
0|657216|
0|657217|
0|657218|
0|657219|
0|657220|
0|657221|
0|657222|
0|657223|
0|657224|
0|657225|
0|657226|
0|657227|
0|657228|
0|657229|
0|657230|
0|657231|
