0|596248|
0|596249|
0|596250|
0|596251|
0|596252|
0|596253|
0|596254|
0|596255|
0|596256|
0|596257|
0|596258|
0|596259|
0|596260|
0|596261|
0|596262|
0|596263|
0|596264|
0|596265|
0|596266|
0|596267|
0|596268|
0|596269|
0|596270|
0|596271|
0|596272|
0|596273|
0|596274|
0|596275|
0|596276|
0|596277|
0|596278|
0|596279|
0|596280|
0|596281|
0|596282|
0|596283|
0|596284|
0|596285|
0|596286|
0|596287|
0|596288|
0|596289|
0|596290|
0|596291|
0|596292|
0|596293|
0|596294|
0|596295|
0|596296|
0|596297|
0|596298|
0|596299|
0|596300|
0|596301|
0|596302|
0|596303|
0|596304|
0|596305|
0|596306|
0|596307|
0|596308|
0|596309|
0|596310|
0|596311|
0|596312|
0|596313|
0|596314|
0|596315|
0|596316|
0|596317|
0|596318|
0|596319|
0|596320|
0|596321|
0|596322|
0|596323|
0|596324|
0|596325|
0|596326|
0|596327|
0|596328|
