0|599667|
0|599668|
0|599669|
0|599670|
0|599671|
0|599672|
0|599673|
0|599674|
0|599675|
0|599676|
0|599677|
0|599678|
0|599679|
0|599680|
0|599681|
0|599682|
0|599683|
0|599684|
0|599685|
0|599686|
0|599687|
0|599688|
0|599689|
0|599690|
0|599691|
0|599692|
0|599693|
0|599694|
0|599695|
0|599696|
0|599697|
0|599698|
0|599699|
0|599700|
0|599701|
0|599702|
0|599703|
0|599704|
0|599705|
0|599706|
0|599707|
0|599708|
0|599709|
0|599710|
0|599711|
0|599712|
0|599713|
0|599714|
0|599715|
0|599716|
0|599717|
0|599718|
0|599719|
0|599720|
0|599721|
0|599722|
0|599723|
0|599724|
0|599725|
0|599726|
0|599727|
0|599728|
0|599729|
0|599730|
0|599731|
0|599732|
0|599733|
0|599734|
0|599735|
0|599736|
0|599737|
0|599738|
0|599739|
0|599740|
0|599741|
0|599742|
0|599743|
0|599744|
0|599745|
0|599746|
0|599747|
