0|489572|
0|489573|
0|489574|
0|489575|
0|489576|
0|489577|
0|489578|
0|489579|
0|489580|
0|489581|
0|489582|
0|489583|
0|489584|
0|489585|
0|489586|
0|489587|
0|489588|
0|489589|
0|489590|
0|489591|
0|489592|
0|489593|
0|489594|
0|489595|
0|489596|
0|489597|
0|489598|
0|489599|
0|489600|
0|489601|
0|489602|
0|489603|
0|489604|
0|489605|
0|489606|
0|489607|
0|489608|
0|489609|
0|489610|
0|489611|
0|489612|
0|489613|
0|489614|
0|489615|
0|489616|
0|489617|
0|489618|
0|489619|
0|489620|
0|489621|
0|489622|
0|489623|
0|489624|
0|489625|
0|489626|
0|489627|
0|489628|
0|489629|
0|489630|
0|489631|
0|489632|
0|489633|
0|489634|
0|489635|
0|489636|
0|489637|
0|489638|
0|489639|
0|489640|
0|489641|
0|489642|
0|489643|
0|489644|
0|489645|
0|489646|
0|489647|
0|489648|
0|489649|
0|489650|
0|489651|
0|489652|
0|489653|
0|489654|
0|489655|
0|489656|
0|489657|
