0|681607|
0|681608|
0|681609|
0|681610|
0|681611|
0|681612|
0|681613|
0|681614|
0|681615|
0|681616|
0|681617|
0|681618|
0|681619|
0|681620|
0|681621|
0|681622|
0|681623|
0|681624|
0|681625|
0|681626|
0|681627|
0|681628|
0|681629|
0|681630|
0|681631|
0|681632|
0|681633|
0|681634|
0|681635|
0|681636|
0|681637|
0|681638|
0|681639|
0|681640|
0|681641|
0|681642|
0|681643|
0|681644|
0|681645|
0|681646|
0|681647|
0|681648|
0|681649|
0|681650|
0|681651|
0|681652|
0|681653|
0|681654|
0|681655|
0|681656|
0|681657|
0|681658|
0|681659|
