0|146982|
0|146983|
0|146984|
0|146985|
0|146986|
0|146987|
0|146988|
0|146989|
0|146990|
0|146991|
0|146992|
0|146993|
0|146994|
0|146995|
0|146996|
0|146997|
0|146998|
0|146999|
0|147000|
0|147001|
0|147002|
0|147003|
0|147004|
0|147005|
0|147006|
0|147007|
0|147008|
0|147009|
0|147010|
0|147011|
0|147012|
0|147013|
0|147014|
0|147015|
0|147016|
0|147017|
0|147018|
0|147019|
0|147020|
0|147021|
0|147022|
0|147023|
0|147024|
0|147025|
0|147026|
0|147027|
0|147028|
0|147029|
0|147030|
0|147031|
0|147032|
0|147033|
0|147034|
0|147035|
0|147036|
0|147037|
0|147038|
0|147039|
0|147040|
0|147041|
0|147042|
0|147043|
0|147044|
0|147045|
0|147046|
0|147047|
0|147048|
0|147049|
0|147050|
0|147051|
