0|595846|
0|595848|
0|595850|
0|595852|
0|595854|
0|595856|
0|595858|
0|595860|
0|595862|
0|595864|
0|595866|
0|595868|
0|595871|
0|595872|
0|595873|
0|595874|
0|595875|
0|595876|
0|595877|
0|595878|
0|595879|
0|595880|
0|595881|
0|595882|
0|595883|
0|595884|
0|595885|
0|595886|
0|595887|
0|595888|
0|595889|
0|595890|
0|595891|
0|595892|
0|595893|
0|595894|
0|595895|
0|595896|
0|595897|
0|595898|
0|595899|
0|595900|
0|595902|
0|595904|
0|595906|
0|595908|
0|595911|
0|595913|
0|595914|
0|595916|
0|595918|
0|595920|
0|595921|
0|595922|
0|595923|
0|595924|
0|595925|
0|595926|
0|595927|
0|595928|
0|595929|
0|595930|
0|595931|
0|595932|
0|595933|
0|595934|
0|595935|
0|595936|
0|595937|
0|595938|
0|595939|
0|595940|
0|595941|
0|595942|
0|595943|
0|595944|
0|595945|
0|595946|
0|595947|
0|595948|
0|595949|
