0|149979|
0|149980|
0|149981|
0|149982|
0|149983|
0|149984|
0|149985|
0|149986|
0|149987|
0|149988|
0|149989|
0|149990|
0|149991|
0|149992|
0|149993|
0|149994|
0|149995|
0|149996|
0|149997|
0|149998|
0|149999|
0|150000|
0|150001|
0|150002|
0|150003|
0|150004|
0|150005|
0|150006|
0|150007|
0|150008|
0|150009|
0|150010|
0|150011|
0|150012|
0|150013|
0|150014|
0|150015|
0|150016|
0|150017|
0|150018|
0|150019|
0|150020|
0|150021|
0|150022|
0|150023|
0|150024|
0|150025|
0|150026|
0|150027|
0|150028|
0|150029|
0|150030|
0|150031|
0|150032|
0|150033|
0|150034|
0|150035|
0|150036|
0|150037|
0|150038|
0|150039|
0|150040|
0|150041|
0|150042|
0|150043|
0|150044|
0|150045|
0|150046|
0|150047|
