0|64335|
0|64336|
0|64337|
0|64338|
0|64339|
0|64340|
0|64341|
0|64342|
0|64343|
0|64344|
0|64345|
0|64346|
0|64347|
0|64348|
0|64349|
0|64350|
0|64352|
0|64353|
0|64354|
0|64355|
0|64356|
0|64357|
0|64358|
0|64359|
0|64360|
0|64361|
0|64362|
0|64363|
0|64364|
0|64365|
0|64366|
0|64367|
0|64368|
0|64369|
0|64370|
0|64371|
0|64372|
0|64373|
0|64374|
0|64375|
0|64376|
0|64377|
0|64378|
0|64379|
0|64380|
0|64381|
0|64382|
0|64383|
0|64384|
0|64385|
0|64386|
0|64387|
0|64388|
0|64389|
0|64390|
0|64391|
0|64392|
0|64393|
0|64394|
0|64395|
0|64396|
0|64397|
0|64399|
0|64400|
0|64401|
0|64402|
0|64404|
0|64405|
0|64406|
0|64407|
0|64408|
0|64409|
0|64410|
0|64411|
0|64412|
0|64413|
0|64414|
0|64415|
0|64416|
0|64417|
0|64418|
0|64419|
0|64420|
0|64421|
0|64422|
0|64423|
0|64424|
0|64425|
0|64426|
0|64427|
0|64428|
0|64429|
0|64430|
0|64431|
0|64432|
0|64433|
0|64434|
0|64435|
0|64436|
0|64437|
0|64438|
0|64439|
0|64440|
0|64441|
0|64442|
0|64443|
0|64444|
0|64445|
0|64446|
0|64447|
0|64448|
0|64449|
0|64450|
0|64451|
0|64452|
0|64453|
