0|437324|
0|437325|
0|437326|
0|437327|
0|437328|
0|437329|
0|437330|
0|437331|
0|437332|
0|437333|
0|437334|
0|437335|
0|437336|
0|437337|
0|437338|
0|437339|
0|437340|
0|437341|
0|437342|
0|437343|
0|437344|
0|437345|
0|437346|
0|437347|
0|437348|
0|437349|
0|437350|
0|437351|
0|437352|
0|437353|
0|437354|
0|437355|
0|437356|
0|437357|
0|437358|
0|437359|
0|437360|
0|437361|
0|437362|
0|437364|
0|437365|
0|437366|
0|437367|
0|437368|
0|437369|
0|437370|
0|437371|
0|437372|
0|437373|
0|437374|
0|437375|
0|437376|
