0|572527|
0|572528|
0|572529|
0|572530|
0|572531|
0|572532|
0|572533|
0|572534|
0|572535|
0|572536|
0|572537|
0|572538|
0|572539|
0|572540|
0|572541|
0|572542|
0|572543|
0|572544|
0|572545|
0|572546|
0|572547|
0|572548|
0|572549|
0|572550|
0|572551|
0|572552|
0|572553|
0|572554|
0|572555|
0|572556|
0|572557|
0|572558|
0|572559|
0|572560|
0|572561|
0|572562|
0|572563|
0|572564|
0|572565|
0|572566|
0|572567|
0|572568|
0|572569|
0|572570|
0|572571|
0|572572|
0|572573|
0|572574|
0|572575|
0|572576|
0|572577|
0|572578|
0|572579|
0|572580|
0|572581|
0|572582|
0|572583|
0|572584|
0|572585|
0|572586|
0|572587|
