0|370523|
0|370524|
0|370525|
0|370526|
0|370527|
0|370528|
0|370529|
0|370530|
0|370531|
0|370532|
0|370533|
0|370534|
0|370535|
0|370536|
0|370537|
0|370538|
0|370539|
0|370540|
0|370541|
0|370542|
0|370543|
0|370544|
0|370545|
0|370546|
0|370547|
0|370548|
0|370549|
0|370550|
0|370551|
0|370552|
0|370553|
0|370554|
0|370555|
0|370556|
0|370557|
0|370558|
0|370559|
0|370560|
0|370561|
0|370562|
0|370563|
0|370564|
0|370565|
0|370566|
0|370567|
0|370568|
0|370569|
0|370570|
0|370571|
0|370572|
0|370573|
0|370574|
0|370575|
0|370576|
0|370577|
0|370578|
0|370579|
0|370580|
0|370581|
0|370582|
0|370583|
0|370584|
0|370585|
0|370586|
0|370587|
0|370588|
0|370589|
0|370590|
0|370591|
0|370592|
0|370593|
0|370594|
0|370595|
0|370596|
0|370597|
0|370598|
0|370599|
0|370600|
0|370601|
0|370602|
0|370603|
0|370604|
0|370605|
0|370606|
0|370607|
0|370608|
0|370609|
0|370610|
0|370611|
0|370612|
0|370613|
0|370614|
0|370615|
0|370616|
