0|409686|
0|409687|
0|409688|
0|409689|
0|409690|
0|409691|
0|409692|
0|409693|
0|409694|
0|409695|
0|409696|
0|409697|
0|409698|
0|409699|
0|409700|
0|409701|
0|409702|
0|409703|
0|409704|
0|409705|
0|409706|
0|409707|
0|409708|
0|409709|
0|409710|
0|409711|
0|409712|
0|409713|
0|409714|
0|409715|
0|409716|
0|409717|
0|409718|
0|409719|
0|409720|
0|409721|
0|409722|
0|409723|
0|409724|
0|409725|
0|409726|
0|409727|
0|409729|
0|409731|
0|409732|
0|409733|
0|409734|
0|409735|
0|409736|
0|409737|
0|409738|
