0|655261|
0|655262|
0|655263|
0|655264|
0|655265|
0|655266|
0|655267|
0|655268|
0|655269|
0|655270|
0|655271|
0|655272|
0|655273|
0|655274|
0|655275|
0|655276|
0|655277|
0|655278|
0|655279|
0|655280|
0|655281|
0|655282|
0|655283|
0|655284|
0|655285|
0|655286|
0|655287|
0|655288|
0|655289|
0|655290|
0|655291|
0|655292|
0|655293|
0|655294|
0|655295|
0|655296|
0|655297|
0|655298|
0|655299|
0|655300|
0|655301|
0|655302|
0|655303|
0|655304|
0|655305|
0|655306|
0|655307|
0|655308|
0|655309|
0|655310|
0|655311|
0|655312|
0|655313|
0|655314|
0|655315|
0|655316|
0|655317|
0|655318|
0|655319|
0|655320|
0|655321|
0|655322|
0|655323|
0|655324|
0|655325|
0|655326|
0|655327|
0|655328|
0|655329|
0|655330|
0|655331|
0|655332|
0|655333|
0|655334|
0|655335|
0|655336|
0|655337|
0|655338|
0|655339|
0|655340|
0|655341|
