0|309674|
0|309676|
0|309678|
0|309680|
0|309682|
0|309684|
0|309686|
0|309688|
0|309690|
0|309692|
0|309694|
0|309696|
0|309698|
0|309700|
0|309702|
0|309704|
0|309706|
0|309708|
0|309710|
0|309712|
0|309714|
0|309716|
0|309718|
0|309720|
0|309722|
0|309724|
0|309726|
0|309728|
0|309730|
0|309732|
0|309734|
0|309736|
0|309738|
0|309740|
0|309742|
0|309744|
0|309746|
0|309748|
0|309750|
0|309752|
0|309754|
0|309756|
0|309758|
0|309760|
0|309762|
0|309764|
0|309766|
0|309768|
0|309770|
0|309772|
0|309774|
0|309776|
0|309778|
0|309780|
0|309782|
0|309784|
0|309786|
0|309788|
