0|250932|
0|250933|
0|250934|
0|250935|
0|250936|
0|250937|
0|250938|
0|250939|
0|250940|
0|250941|
0|250942|
0|250943|
0|250944|
0|250945|
0|250946|
0|250947|
0|250948|
0|250949|
0|250950|
0|250951|
0|250952|
0|250953|
0|250954|
0|250955|
0|250956|
0|250957|
0|250959|
0|250961|
0|250963|
0|250965|
0|250967|
0|250969|
0|250971|
0|250973|
0|250975|
0|250977|
0|250979|
0|250981|
0|250983|
0|250985|
0|250987|
0|250989|
0|250991|
0|250993|
0|250995|
0|250997|
0|250999|
0|251001|
0|251003|
0|251005|
0|251007|
0|251009|
0|251011|
0|251013|
0|251015|
0|251017|
0|251019|
0|251021|
0|251023|
0|251025|
0|251027|
0|251029|
0|251031|
