0|646181|
0|646182|
0|646183|
0|646184|
0|646185|
0|646186|
0|646187|
0|646188|
0|646189|
0|646190|
0|646191|
0|646192|
0|646193|
0|646194|
0|646195|
0|646196|
0|646197|
0|646198|
0|646199|
0|646200|
0|646201|
0|646202|
0|646203|
0|646204|
0|646205|
0|646206|
0|646207|
0|646208|
0|646209|
0|646210|
0|646211|
0|646212|
0|646213|
0|646214|
0|646215|
0|646216|
0|646217|
0|646218|
0|646219|
0|646220|
0|646221|
0|646222|
0|646223|
0|646224|
0|646225|
0|646226|
0|646227|
0|646228|
0|646229|
0|646230|
0|646231|
0|646232|
0|646233|
0|646234|
0|646235|
0|646236|
0|646237|
0|646238|
0|646239|
0|646240|
0|646241|
0|646242|
0|646243|
0|646244|
0|646245|
0|646246|
0|646247|
0|646248|
0|646249|
0|646250|
0|646251|
0|646252|
0|646253|
0|646254|
0|646255|
0|646256|
0|646257|
0|646258|
0|646259|
0|646260|
0|646261|
0|646262|
0|646263|
0|646264|
0|646265|
0|646266|
0|646267|
0|646268|
0|646269|
0|646270|
0|646271|
0|646272|
