0|346377|
0|346378|
0|346379|
0|346380|
0|346381|
0|346382|
0|346383|
0|346384|
0|346385|
0|346386|
0|346387|
0|346388|
0|346389|
0|346390|
0|346391|
0|346392|
0|346393|
0|346394|
0|346395|
0|346396|
0|346397|
0|346398|
0|346399|
0|346400|
0|346401|
0|346402|
0|346403|
0|346404|
0|346405|
0|346406|
0|346407|
0|346408|
0|346409|
0|346410|
0|346411|
0|346412|
0|346413|
0|346414|
0|346415|
0|346416|
0|346417|
0|346418|
0|346419|
0|346420|
0|346421|
0|346422|
0|346423|
0|346424|
0|346425|
0|346426|
0|346427|
0|346428|
0|346429|
0|346430|
0|346431|
0|346432|
0|346434|
0|346436|
0|346438|
0|346439|
0|346440|
0|346441|
0|346442|
0|346443|
0|346444|
0|346445|
0|346446|
0|346447|
0|346448|
0|346449|
0|346450|
0|346451|
0|346452|
0|346453|
0|346454|
0|346455|
0|346456|
0|346457|
0|346458|
