0|661231|
0|661232|
0|661233|
0|661234|
0|661235|
0|661236|
0|661237|
0|661238|
0|661239|
0|661240|
0|661241|
0|661242|
0|661243|
0|661244|
0|661245|
0|661246|
0|661247|
0|661248|
0|661249|
0|661250|
0|661251|
0|661252|
0|661253|
0|661254|
0|661255|
0|661256|
0|661257|
0|661258|
0|661259|
0|661260|
0|661261|
0|661262|
0|661263|
0|661264|
0|661265|
0|661266|
0|661267|
0|661268|
0|661269|
0|661270|
0|661271|
0|661272|
0|661273|
0|661274|
0|661275|
0|661276|
0|661277|
0|661278|
0|661279|
0|661280|
0|661281|
0|661282|
0|661283|
0|661284|
0|661285|
0|661286|
0|661287|
0|661288|
0|661289|
0|661290|
0|661291|
0|661292|
0|661293|
0|661294|
0|661295|
0|661296|
0|661297|
0|661298|
0|661299|
0|661300|
0|661301|
0|661302|
0|661303|
0|661304|
0|661305|
0|661306|
0|661307|
0|661308|
0|661309|
0|661310|
0|661311|
