0|513001|
0|513003|
0|513005|
0|513007|
0|513009|
0|513011|
0|513013|
0|513015|
0|513017|
0|513019|
0|513021|
0|513023|
0|513025|
0|513027|
0|513029|
0|513031|
0|513033|
0|513035|
0|513037|
0|513039|
0|513041|
0|513043|
0|513045|
0|513047|
0|513049|
0|513051|
0|513053|
0|513055|
0|513057|
0|513059|
0|513061|
0|513063|
0|513065|
0|513067|
0|513069|
0|513071|
0|513073|
0|513075|
0|513077|
0|513079|
0|513081|
0|513083|
0|513085|
0|513087|
0|513089|
0|513091|
0|513093|
0|513095|
0|513097|
0|513099|
0|513101|
0|513103|
0|513105|
0|513107|
0|513109|
0|513111|
0|513113|
0|513115|
0|513117|
0|513119|
0|513121|
0|513123|
0|513125|
0|513127|
0|513129|
0|513131|
0|513133|
0|513135|
0|513137|
0|513139|
0|513141|
0|513143|
0|513145|
0|513147|
0|513149|
0|513151|
0|513153|
0|513155|
0|513157|
