0|251779|
0|251780|
0|251781|
0|251782|
0|251783|
0|251784|
0|251785|
0|251786|
0|251787|
0|251788|
0|251789|
0|251790|
0|251791|
0|251792|
0|251793|
0|251794|
0|251795|
0|251796|
0|251797|
0|251798|
0|251799|
0|251800|
0|251801|
0|251802|
0|251803|
0|251804|
0|251805|
0|251806|
0|251807|
0|251808|
0|251809|
0|251810|
0|251811|
0|251812|
0|251813|
0|251814|
0|251815|
0|251816|
0|251817|
0|251818|
0|251819|
0|251820|
0|251821|
0|251822|
0|251823|
0|251824|
0|251825|
0|251826|
0|251827|
0|251828|
0|251829|
0|251830|
