0|251968|
0|251969|
0|251970|
0|251971|
0|251972|
0|251973|
0|251974|
0|251975|
0|251976|
0|251977|
0|251978|
0|251979|
0|251980|
0|251981|
0|251982|
0|251983|
0|251984|
0|251985|
0|251986|
0|251987|
0|251988|
0|251989|
0|251990|
0|251991|
0|251992|
0|251993|
0|251994|
0|251995|
0|251996|
0|251997|
0|251998|
0|251999|
0|252000|
0|252001|
0|252002|
0|252003|
0|252004|
0|252005|
0|252006|
0|252007|
0|252008|
0|252009|
0|252010|
0|252011|
0|252012|
0|252013|
0|252014|
0|252015|
0|252016|
0|252017|
0|252018|
0|252019|
0|252020|
0|252021|
0|252022|
0|252023|
0|252024|
0|252025|
0|252026|
0|252027|
0|252028|
0|252029|
0|252030|
0|252031|
0|252032|
0|252033|
0|252034|
0|252035|
0|252036|
0|252037|
0|252038|
0|252039|
0|252040|
0|252041|
0|252042|
0|252043|
0|252044|
0|252045|
0|252046|
0|252047|
0|252048|
0|252049|
0|252050|
0|252051|
0|252052|
0|252053|
0|252054|
0|252055|
0|252056|
0|252057|
0|252058|
0|252059|
0|252060|
0|252061|
0|252062|
0|252063|
0|252064|
0|252065|
0|252066|
0|252067|
0|252068|
