0|66925|
0|66926|
0|66927|
0|66928|
0|66929|
0|66930|
0|66931|
0|66932|
0|66933|
0|66934|
0|66935|
0|66936|
0|66937|
0|66938|
0|66939|
0|66940|
0|66941|
0|66942|
0|66943|
0|66944|
0|66945|
0|66946|
0|66947|
0|66948|
0|66949|
0|66950|
0|66951|
0|66952|
0|66953|
0|66954|
0|66955|
0|66956|
0|66957|
0|66958|
0|66959|
0|66960|
0|66961|
0|66962|
0|66963|
0|66964|
0|66965|
0|66966|
0|66967|
0|66968|
0|66969|
0|66970|
0|66971|
0|66972|
0|66973|
0|66974|
0|66975|
0|66976|
0|66977|
0|66978|
0|66979|
0|66980|
0|66981|
0|66982|
0|66983|
