0|657261|
0|657262|
0|657263|
0|657264|
0|657265|
0|657266|
0|657267|
0|657268|
0|657269|
0|657270|
0|657271|
0|657272|
0|657273|
0|657274|
0|657275|
0|657276|
0|657277|
0|657278|
0|657279|
0|657280|
0|657281|
0|657282|
0|657283|
0|657284|
0|657285|
0|657286|
0|657287|
0|657288|
0|657289|
0|657290|
0|657291|
0|657292|
0|657293|
0|657294|
0|657295|
0|657296|
0|657297|
0|657298|
0|657299|
0|657300|
0|657301|
0|657302|
0|657303|
0|657304|
0|657305|
0|657306|
0|657307|
0|657308|
0|657309|
0|657310|
0|657311|
0|657312|
0|657313|
0|657314|
0|657315|
0|657316|
0|657317|
0|657318|
0|657319|
0|657320|
0|657321|
0|657322|
0|657323|
0|657324|
0|657325|
0|657326|
0|657327|
0|657328|
0|657329|
0|657330|
0|657331|
0|657332|
0|657333|
0|657334|
0|657335|
0|657336|
0|657337|
0|657338|
0|657339|
0|657340|
0|657341|
