0|265882|
0|265883|
0|265884|
0|265885|
0|265886|
0|265887|
0|265888|
0|265889|
0|265890|
0|265891|
0|265892|
0|265893|
0|265894|
0|265895|
0|265896|
0|265897|
0|265898|
0|265899|
0|265900|
0|265901|
0|265902|
0|265903|
0|265904|
0|265905|
0|265906|
0|265907|
0|265908|
0|265909|
0|265910|
0|265911|
0|265912|
0|265913|
0|265914|
0|265915|
0|265916|
0|265917|
0|265918|
0|265919|
0|265920|
0|265921|
0|265922|
0|265923|
0|265924|
0|265925|
0|265926|
0|265927|
0|265928|
0|265929|
0|265930|
0|265931|
0|265932|
0|265933|
0|265934|
0|265935|
