0|737338|
0|737339|
0|737340|
0|737341|
0|737342|
0|737343|
0|737344|
0|737345|
0|737346|
0|737347|
0|737348|
0|737349|
0|737350|
0|737351|
0|737352|
0|737353|
0|737354|
0|737355|
0|737356|
0|737357|
0|737358|
0|737359|
0|737360|
0|737361|
0|737362|
0|737363|
0|737364|
0|737365|
0|737366|
0|737367|
0|737368|
0|737369|
0|737370|
0|737371|
0|737372|
0|737373|
0|737374|
0|737375|
0|737376|
0|737377|
0|737378|
0|737379|
0|737380|
0|737381|
0|737382|
0|737383|
0|737384|
0|737385|
0|737386|
0|737387|
0|737388|
0|737389|
0|737390|
0|737391|
0|737392|
0|737393|
0|737394|
0|737395|
0|737396|
0|737397|
0|737398|
0|737399|
0|737400|
0|737401|
0|737402|
