0|699806|
0|699810|
0|699812|
0|699816|
0|699819|
0|699822|
0|699825|
0|699828|
0|699833|
0|699838|
0|699842|
0|699846|
0|699850|
0|699854|
0|699858|
0|699862|
0|699866|
0|699870|
0|699873|
0|699877|
0|699881|
0|699885|
0|699888|
0|699893|
0|699897|
0|699902|
0|699906|
0|699909|
0|699913|
0|699917|
0|699921|
0|699925|
0|699929|
0|699933|
0|699937|
0|699941|
0|699945|
0|699949|
0|699953|
0|699957|
0|699961|
0|699965|
0|699969|
0|699973|
0|699976|
0|699979|
0|699982|
0|699985|
0|699988|
0|699992|
0|699995|
0|699998|
0|700001|
0|700004|
0|700007|
0|700010|
0|700013|
0|700016|
0|700020|
0|700024|
0|700028|
0|700031|
0|700033|
0|700035|
0|700037|
0|700039|
0|700041|
0|700043|
0|700045|
