0|170299|
0|170300|
0|170301|
0|170302|
0|170303|
0|170304|
0|170305|
0|170306|
0|170307|
0|170308|
0|170309|
0|170310|
0|170311|
0|170312|
0|170313|
0|170314|
0|170315|
0|170316|
0|170317|
0|170318|
0|170319|
0|170320|
0|170321|
0|170322|
0|170323|
0|170324|
0|170325|
0|170326|
0|170327|
0|170328|
0|170329|
0|170330|
0|170331|
0|170332|
0|170333|
0|170334|
0|170335|
0|170336|
0|170337|
0|170338|
0|170339|
0|170340|
0|170341|
0|170342|
0|170343|
0|170344|
0|170345|
0|170346|
0|170347|
0|170348|
0|170349|
0|170350|
0|170351|
0|170352|
0|170353|
0|170354|
0|170355|
0|170356|
0|170357|
0|170358|
0|170359|
0|170360|
0|170361|
0|170362|
0|170363|
0|170364|
0|170365|
0|170366|
0|170367|
0|170368|
0|170369|
0|170370|
0|170371|
0|170372|
0|170373|
0|170374|
0|170375|
0|170376|
