0|738958|
0|738959|
0|738960|
0|738961|
0|738962|
0|738963|
0|738964|
0|738965|
0|738966|
0|738967|
0|738968|
0|738969|
0|738970|
0|738971|
0|738972|
0|738973|
0|738974|
0|738975|
0|738976|
0|738977|
0|738978|
0|738979|
0|738980|
0|738981|
0|738982|
0|738983|
0|738984|
0|738985|
0|738986|
0|738987|
0|738988|
0|738989|
0|738990|
0|738991|
0|738992|
0|738993|
0|738994|
0|738995|
0|738996|
0|738997|
0|738998|
0|738999|
0|739000|
0|739001|
0|739002|
0|739003|
0|739004|
0|739005|
0|739006|
0|739007|
0|739008|
0|739009|
0|739010|
