0|603456|
0|603457|
0|603458|
0|603459|
0|603460|
0|603461|
0|603462|
0|603463|
0|603464|
0|603465|
0|603466|
0|603467|
0|603468|
0|603469|
0|603470|
0|603471|
0|603472|
0|603473|
0|603474|
0|603475|
0|603476|
0|603477|
0|603478|
0|603479|
0|603480|
0|603481|
0|603482|
0|603483|
0|603484|
0|603485|
0|603486|
0|603487|
0|603489|
0|603491|
0|603492|
0|603493|
0|603494|
0|603495|
0|603496|
0|603497|
0|603498|
0|603499|
0|603500|
0|603501|
0|603502|
0|603503|
0|603504|
0|603505|
0|603506|
0|603507|
0|603508|
0|603509|
0|603510|
0|603511|
0|603512|
0|603513|
0|603514|
