0|291745|
0|291747|
0|291749|
0|291751|
0|291753|
0|291755|
0|291757|
0|291759|
0|291761|
0|291763|
0|291765|
0|291767|
0|291769|
0|291771|
0|291773|
0|291775|
0|291777|
0|291779|
0|291781|
0|291783|
0|291785|
0|291787|
0|291789|
0|291791|
0|291793|
0|291795|
0|291797|
0|291799|
0|291801|
0|291803|
0|291805|
0|291807|
0|291809|
0|291811|
0|291813|
0|291815|
0|291817|
0|291819|
0|291821|
0|291823|
0|291826|
0|291828|
0|291830|
0|291831|
0|291833|
0|291835|
0|291837|
0|291839|
0|291841|
0|291843|
0|291844|
0|291845|
0|291846|
0|291847|
0|291848|
0|291849|
0|291850|
0|291851|
0|291852|
0|291853|
0|291854|
0|291855|
0|291856|
0|291857|
0|291858|
0|291859|
0|291860|
0|291861|
0|291862|
0|291863|
