0|373564|
0|373565|
0|373566|
0|373567|
0|373568|
0|373569|
0|373570|
0|373571|
0|373572|
0|373573|
0|373574|
0|373575|
0|373576|
0|373577|
0|373578|
0|373579|
0|373580|
0|373581|
0|373582|
0|373583|
0|373584|
0|373585|
0|373586|
0|373587|
0|373588|
0|373589|
0|373590|
0|373591|
0|373592|
0|373593|
0|373594|
0|373595|
0|373596|
0|373597|
0|373598|
0|373599|
0|373600|
0|373601|
0|373602|
0|373603|
0|373604|
0|373605|
0|373606|
0|373607|
0|373608|
0|373609|
0|373610|
0|373611|
0|373612|
0|373613|
0|373614|
0|373615|
0|373616|
0|373617|
0|373618|
0|373619|
0|373620|
0|373621|
0|373622|
0|373623|
0|373624|
0|373625|
0|373626|
0|373627|
0|373628|
0|373629|
0|373630|
0|373631|
0|373632|
0|373633|
0|373634|
0|373635|
0|373636|
0|373637|
0|373638|
0|373639|
0|373640|
0|373641|
0|373642|
0|373643|
0|373644|
0|373645|
0|373646|
0|373647|
0|373648|
0|373649|
0|373650|
0|373651|
0|373652|
0|373653|
0|373654|
0|373655|
0|373656|
0|373657|
0|373658|
0|373659|
0|373660|
0|373661|
0|373662|
0|373663|
0|373664|
0|373665|
0|373666|
0|373667|
0|373668|
0|373669|
0|373670|
0|373671|
0|373672|
0|373673|
0|373674|
0|373675|
0|373676|
0|373677|
