0|202794|
0|202795|
0|202796|
0|202797|
0|202798|
0|202799|
0|202800|
0|202801|
0|202802|
0|202803|
0|202804|
0|202805|
0|202806|
0|202807|
0|202808|
0|202809|
0|202810|
0|202811|
0|202812|
0|202813|
0|202814|
0|202815|
0|202816|
0|202817|
0|202818|
0|202819|
0|202820|
0|202821|
0|202822|
0|202823|
0|202824|
0|202825|
0|202826|
0|202827|
0|202828|
0|202829|
0|202830|
0|202831|
0|202832|
0|202833|
0|202834|
0|202835|
0|202836|
0|202837|
0|202838|
0|202839|
0|202840|
0|202841|
0|202842|
0|202843|
0|202844|
0|202845|
0|202846|
0|202847|
0|202848|
0|202849|
0|202850|
0|202851|
0|202852|
0|202853|
0|202854|
0|202855|
0|202856|
0|202857|
0|202858|
0|202859|
0|202860|
0|202861|
0|202862|
0|202863|
0|202864|
0|202865|
0|202866|
0|202867|
0|202868|
0|202869|
0|202870|
0|202871|
0|202872|
0|202873|
0|202874|
0|202875|
0|202876|
0|202877|
0|202878|
0|202879|
0|202880|
0|202881|
0|202882|
0|202883|
0|202884|
0|202885|
0|202886|
0|202887|
0|202888|
0|202889|
0|202890|
0|202891|
