0|361446|
0|361447|
0|361448|
0|361449|
0|361450|
0|361451|
0|361452|
0|361453|
0|361454|
0|361455|
0|361456|
0|361457|
0|361458|
0|361459|
0|361460|
0|361461|
0|361462|
0|361463|
0|361464|
0|361465|
0|361466|
0|361467|
0|361468|
0|361469|
0|361470|
0|361471|
0|361472|
0|361473|
0|361474|
0|361475|
0|361476|
0|361477|
0|361478|
0|361479|
0|361480|
0|361481|
0|361482|
0|361483|
0|361484|
0|361485|
0|361486|
0|361487|
0|361488|
0|361489|
0|361490|
0|361491|
0|361492|
0|361493|
0|361494|
0|361495|
0|361496|
0|361497|
0|361498|
0|361499|
0|361500|
0|361501|
0|361502|
0|361503|
0|361504|
0|361505|
0|361506|
0|361507|
0|361508|
0|361509|
0|361510|
0|361511|
0|361512|
0|361513|
0|361514|
0|361515|
0|361516|
0|361517|
0|361518|
0|361519|
0|361520|
0|361521|
0|361522|
0|361523|
0|361524|
0|361525|
0|361526|
0|361527|
0|361528|
0|361529|
0|361530|
0|361531|
0|361532|
0|361533|
0|361534|
0|361535|
