0|156469|
0|156470|
0|156471|
0|156472|
0|156473|
0|156474|
0|156475|
0|156476|
0|156477|
0|156478|
0|156479|
0|156480|
0|156481|
0|156482|
0|156483|
0|156484|
0|156485|
0|156486|
0|156487|
0|156488|
0|156489|
0|156490|
0|156491|
0|156492|
0|156493|
0|156494|
0|156495|
0|156496|
0|156497|
0|156498|
0|156499|
0|156500|
0|156501|
0|156502|
0|156503|
0|156504|
0|156505|
0|156506|
0|156507|
0|156508|
0|156509|
0|156510|
0|156511|
0|156512|
0|156513|
0|156514|
0|156515|
0|156516|
0|156517|
0|156518|
0|156519|
0|156520|
