0|117984|
0|117985|
0|117986|
0|117987|
0|117988|
0|117989|
0|117990|
0|117991|
0|117992|
0|117993|
0|117994|
0|117995|
0|117996|
0|117997|
0|117998|
0|117999|
0|118000|
0|118001|
0|118002|
0|118003|
0|118005|
0|118006|
0|118007|
0|118008|
0|118009|
0|118010|
0|118011|
0|118012|
0|118013|
0|118014|
0|118015|
0|118016|
0|118017|
0|118018|
0|118019|
0|118020|
0|118021|
0|118023|
0|118024|
0|118025|
0|118026|
0|118027|
0|118028|
0|118029|
0|118030|
0|118031|
0|118032|
0|118033|
0|118034|
0|118035|
0|118036|
0|118037|
0|118038|
