0|213114|
0|213115|
0|213116|
0|213117|
0|213118|
0|213119|
0|213120|
0|213121|
0|213122|
0|213123|
0|213124|
0|213125|
0|213126|
0|213127|
0|213128|
0|213129|
0|213130|
0|213131|
0|213132|
0|213133|
0|213134|
0|213135|
0|213136|
0|213137|
0|213138|
0|213139|
0|213140|
0|213141|
0|213142|
0|213143|
0|213144|
0|213145|
0|213146|
0|213147|
0|213148|
0|213149|
0|213150|
0|213151|
0|213152|
0|213153|
0|213154|
0|213155|
0|213156|
0|213157|
0|213158|
0|213159|
0|213160|
0|213161|
0|213162|
0|213163|
0|213164|
0|213165|
0|213167|
0|213169|
0|213171|
0|213173|
0|213175|
0|213177|
0|213179|
0|213181|
0|213183|
0|213185|
0|213187|
0|213188|
0|213189|
0|213190|
0|213191|
0|213192|
0|213193|
0|213194|
0|213195|
0|213196|
0|213197|
0|213198|
0|213199|
0|213200|
0|213201|
0|213202|
0|213203|
0|213204|
0|213205|
0|213206|
0|213207|
0|213208|
0|213209|
0|213210|
0|213211|
0|213212|
0|213213|
0|213214|
0|213215|
0|213216|
0|213217|
0|213218|
0|213219|
0|213220|
0|213221|
0|213222|
0|213223|
0|213224|
0|213225|
0|213226|
