0|508065|
0|508066|
0|508067|
0|508068|
0|508069|
0|508070|
0|508071|
0|508072|
0|508073|
0|508074|
0|508075|
0|508076|
0|508077|
0|508078|
0|508079|
0|508080|
0|508081|
0|508082|
0|508083|
0|508084|
0|508085|
0|508086|
0|508087|
0|508088|
0|508089|
0|508090|
0|508091|
0|508092|
0|508093|
0|508094|
0|508095|
0|508096|
0|508098|
0|508100|
0|508102|
0|508104|
0|508106|
0|508108|
0|508110|
0|508112|
0|508113|
0|508114|
0|508115|
0|508116|
0|508117|
0|508118|
0|508119|
0|508120|
0|508121|
0|508122|
0|508123|
0|508124|
0|508125|
0|508126|
0|508127|
0|508128|
0|508129|
0|508130|
0|508131|
0|508132|
0|508133|
0|508134|
0|508135|
0|508136|
0|508137|
0|508138|
0|508139|
0|508140|
0|508141|
0|508142|
0|508143|
0|508144|
0|508145|
0|508146|
0|508147|
0|508148|
0|508149|
0|508150|
