0|677284|
0|677285|
0|677286|
0|677287|
0|677289|
0|677291|
0|677293|
0|677295|
0|677297|
0|677299|
0|677301|
0|677303|
0|677305|
0|677306|
0|677307|
0|677308|
0|677309|
0|677310|
0|677311|
0|677312|
0|677313|
0|677314|
0|677315|
0|677316|
0|677317|
0|677318|
0|677319|
0|677320|
0|677321|
0|677322|
0|677323|
0|677324|
0|677325|
0|677326|
0|677327|
0|677328|
0|677329|
0|677330|
0|677331|
0|677332|
0|677333|
0|677334|
0|677335|
0|677336|
0|677337|
0|677338|
0|677339|
0|677340|
0|677341|
0|677342|
0|677343|
0|677344|
0|677345|
0|677346|
0|677347|
0|677348|
0|677349|
0|677350|
0|677351|
0|677352|
0|677353|
0|677355|
0|677357|
0|677358|
0|677359|
0|677360|
0|677361|
0|677362|
0|677363|
0|677364|
0|677365|
0|677366|
0|677367|
0|677368|
0|677369|
0|677370|
0|677371|
0|677372|
0|677373|
0|677374|
0|677375|
0|677376|
0|677377|
0|677378|
0|677379|
0|677380|
0|677381|
0|677382|
0|677383|
0|677384|
0|677385|
0|677386|
0|677387|
0|677388|
0|677389|
0|677390|
0|677391|
0|677392|
0|677393|
0|677394|
