0|692691|
0|692692|
0|692693|
0|692694|
0|692695|
0|692696|
0|692697|
0|692698|
0|692699|
0|692700|
0|692701|
0|692702|
0|692703|
0|692704|
0|692705|
0|692706|
0|692707|
0|692708|
0|692709|
0|692710|
0|692711|
0|692712|
0|692713|
0|692714|
0|692715|
0|692716|
0|692717|
0|692718|
0|692719|
0|692720|
0|692721|
0|692722|
0|692723|
0|692724|
0|692725|
0|692726|
0|692727|
0|692728|
0|692729|
0|692730|
0|692731|
0|692732|
0|692733|
0|692734|
0|692735|
0|692736|
0|692737|
0|692738|
0|692739|
0|692740|
0|692741|
0|692742|
0|692743|
0|692744|
0|692745|
0|692746|
0|692747|
0|692748|
0|692749|
0|692750|
0|692751|
0|692752|
0|692753|
0|692754|
0|692755|
0|692756|
0|692757|
0|692758|
0|692759|
0|692760|
0|692761|
0|692762|
0|692763|
0|692764|
0|692765|
0|692766|
0|692767|
0|692768|
0|692769|
0|692770|
0|692771|
0|692772|
0|692773|
0|692774|
