0|412967|
0|412968|
0|412969|
0|412970|
0|412971|
0|412972|
0|412973|
0|412974|
0|412975|
0|412976|
0|412977|
0|412978|
0|412979|
0|412980|
0|412981|
0|412982|
0|412983|
0|412984|
0|412985|
0|412986|
0|412987|
0|412988|
0|412989|
0|412991|
0|412993|
0|412994|
0|412995|
0|412996|
0|412997|
0|412998|
0|412999|
0|413000|
0|413001|
0|413002|
0|413003|
0|413004|
0|413005|
0|413006|
0|413007|
0|413008|
0|413009|
0|413010|
0|413011|
0|413012|
0|413013|
0|413014|
0|413015|
0|413016|
0|413017|
0|413018|
0|413019|
0|413020|
0|413021|
0|413022|
0|413023|
0|413024|
0|413025|
0|413026|
0|413027|
0|413028|
0|413029|
0|413030|
0|413031|
0|413032|
0|413034|
0|413036|
0|413038|
0|413040|
0|413042|
0|413044|
0|413046|
0|413048|
0|413050|
0|413052|
0|413054|
0|413056|
0|413059|
0|413062|
0|413064|
0|413066|
0|413068|
0|413070|
0|413072|
0|413074|
0|413076|
0|413078|
0|413080|
0|413082|
0|413084|
0|413086|
0|413088|
0|413090|
0|413092|
