0|406673|
0|406674|
0|406675|
0|406676|
0|406677|
0|406678|
0|406679|
0|406680|
0|406681|
0|406682|
0|406683|
0|406684|
0|406685|
0|406686|
0|406687|
0|406688|
0|406689|
0|406690|
0|406691|
0|406692|
0|406693|
0|406694|
0|406695|
0|406696|
0|406697|
0|406698|
0|406699|
0|406700|
0|406701|
0|406702|
0|406703|
0|406704|
0|406705|
0|406706|
0|406707|
0|406708|
0|406709|
0|406710|
0|406711|
0|406712|
0|406713|
0|406714|
0|406715|
0|406716|
0|406717|
0|406718|
0|406719|
0|406720|
0|406721|
0|406722|
0|406723|
0|406724|
0|406725|
0|406726|
0|406727|
0|406728|
0|406729|
0|406730|
0|406731|
0|406732|
0|406733|
0|406734|
0|406735|
0|406736|
0|406737|
0|406738|
0|406739|
0|406740|
0|406741|
0|406742|
0|406743|
0|406744|
0|406745|
0|406746|
0|406747|
0|406748|
0|406749|
0|406750|
0|406751|
0|406752|
0|406753|
0|406754|
0|406755|
0|406756|
0|406757|
0|406758|
0|406759|
0|406760|
0|406761|
0|406762|
0|406763|
0|406764|
0|406765|
0|406766|
0|406767|
0|406768|
0|406769|
0|406770|
0|406771|
0|406772|
0|406773|
0|406774|
0|406775|
0|406776|
0|406777|
0|406778|
0|406779|
0|406780|
0|406781|
0|406782|
0|406783|
0|406784|
