0|102465|
0|102466|
0|102467|
0|102468|
0|102469|
0|102470|
0|102471|
0|102472|
0|102473|
0|102474|
0|102475|
0|102476|
0|102477|
0|102478|
0|102479|
0|102480|
0|102481|
0|102482|
0|102483|
0|102484|
0|102485|
0|102486|
0|102487|
0|102488|
0|102489|
0|102490|
0|102491|
0|102492|
0|102493|
0|102494|
0|102495|
0|102496|
0|102497|
0|102498|
0|102499|
0|102500|
0|102501|
0|102502|
0|102503|
0|102504|
0|102505|
0|102506|
0|102507|
0|102508|
0|102509|
0|102510|
0|102511|
0|102512|
0|102513|
0|102514|
0|102515|
0|102516|
0|102517|
0|102518|
0|102519|
0|102520|
0|102521|
0|102522|
0|102523|
0|102524|
0|102525|
0|102526|
0|102527|
0|102528|
0|102529|
0|102530|
0|102531|
0|102532|
0|102533|
0|102534|
0|102535|
0|102536|
0|102537|
0|102538|
0|102539|
0|102540|
0|102541|
0|102542|
0|102543|
0|102544|
0|102545|
0|102546|
0|102547|
0|102548|
0|102549|
0|102550|
0|102551|
0|102552|
0|102553|
0|102554|
0|102555|
0|102556|
0|102557|
0|102558|
0|102559|
0|102560|
0|102561|
