0|639030|
0|639031|
0|639032|
0|639033|
0|639034|
0|639035|
0|639036|
0|639037|
0|639038|
0|639039|
0|639040|
0|639041|
0|639042|
0|639043|
0|639044|
0|639045|
0|639046|
0|639047|
0|639048|
0|639049|
0|639050|
0|639051|
0|639052|
0|639053|
0|639054|
0|639055|
0|639056|
0|639057|
0|639058|
0|639059|
0|639060|
0|639061|
0|639062|
0|639063|
0|639064|
0|639065|
0|639066|
0|639067|
0|639068|
0|639069|
0|639070|
0|639071|
0|639072|
0|639073|
0|639074|
0|639075|
0|639076|
0|639077|
0|639078|
0|639079|
0|639080|
0|639081|
0|639082|
0|639083|
0|639084|
0|639085|
0|639086|
0|639087|
0|639088|
0|639089|
0|639090|
0|639091|
