0|554174|
0|554176|
0|554178|
0|554180|
0|554182|
0|554184|
0|554186|
0|554188|
0|554190|
0|554192|
0|554194|
0|554196|
0|554198|
0|554199|
0|554200|
0|554201|
0|554202|
0|554203|
0|554204|
0|554205|
0|554206|
0|554207|
0|554208|
0|554209|
0|554210|
0|554211|
0|554212|
0|554213|
0|554214|
0|554215|
0|554216|
0|554217|
0|554218|
0|554219|
0|554220|
0|554221|
0|554223|
0|554224|
0|554225|
0|554226|
0|554227|
0|554228|
0|554229|
0|554230|
0|554231|
0|554232|
0|554233|
0|554234|
0|554235|
0|554236|
0|554237|
0|554238|
0|554239|
0|554240|
0|554241|
0|554242|
0|554243|
0|554244|
0|554245|
0|554246|
0|554247|
0|554248|
0|554249|
0|554250|
0|554251|
0|554252|
0|554253|
0|554254|
0|554255|
0|554256|
0|554257|
0|554258|
0|554259|
0|554260|
0|554261|
0|554263|
0|554265|
0|554267|
0|554269|
0|554271|
0|554273|
0|554276|
0|554278|
0|554280|
0|554282|
0|554284|
0|554286|
0|554288|
