0|93457|
0|93458|
0|93459|
0|93460|
0|93461|
0|93462|
0|93463|
0|93464|
0|93465|
0|93466|
0|93467|
0|93468|
0|93469|
0|93470|
0|93471|
0|93472|
0|93473|
0|93474|
0|93475|
0|93476|
0|93477|
0|93478|
0|93479|
0|93480|
0|93481|
0|93482|
0|93483|
0|93484|
0|93485|
0|93486|
0|93487|
0|93488|
0|93489|
0|93490|
0|93491|
0|93492|
0|93493|
0|93494|
0|93495|
0|93496|
0|93497|
0|93498|
0|93499|
0|93500|
0|93501|
0|93502|
0|93503|
0|93504|
0|93505|
0|93506|
0|93507|
0|93508|
0|93509|
0|93510|
0|93511|
0|93512|
0|93513|
0|93514|
0|93516|
0|93517|
0|93518|
0|93519|
0|93520|
0|93521|
0|93522|
0|93523|
0|93524|
0|93525|
0|93526|
0|93527|
0|93528|
0|93529|
0|93530|
0|93531|
0|93532|
0|93533|
0|93534|
0|93535|
0|93536|
0|93537|
0|93538|
0|93539|
0|93540|
0|93541|
0|93542|
0|93543|
0|93544|
0|93545|
0|93546|
0|93547|
0|93548|
0|93549|
0|93550|
0|93551|
0|93552|
0|93553|
0|93554|
0|93555|
0|93556|
0|93557|
0|93558|
0|93559|
0|93560|
0|93561|
0|93562|
0|93563|
0|93564|
0|93565|
0|93566|
0|93567|
0|93568|
0|93569|
0|93570|
0|93571|
0|93572|
