0|563940|
0|563941|
0|563942|
0|563943|
0|563944|
0|563945|
0|563946|
0|563947|
0|563948|
0|563949|
0|563950|
0|563951|
0|563952|
0|563953|
0|563954|
0|563955|
0|563956|
0|563957|
0|563958|
0|563959|
0|563960|
0|563961|
0|563962|
0|563963|
0|563964|
0|563965|
0|563966|
0|563967|
0|563968|
0|563969|
0|563970|
0|563971|
0|563972|
0|563973|
0|563974|
0|563975|
0|563976|
0|563977|
0|563978|
0|563979|
0|563980|
0|563981|
0|563982|
0|563983|
0|563984|
0|563985|
0|563986|
0|563987|
0|563988|
0|563989|
0|563990|
0|563991|
0|563992|
0|563993|
0|563994|
0|563995|
0|563996|
0|563997|
0|563998|
0|563999|
0|564000|
0|564001|
0|564002|
0|564003|
0|564004|
0|564005|
0|564006|
0|564007|
0|564008|
0|564009|
0|564010|
0|564011|
0|564012|
0|564013|
0|564014|
0|564015|
0|564016|
