0|584664|
0|584665|
0|584666|
0|584667|
0|584668|
0|584669|
0|584670|
0|584671|
0|584672|
0|584673|
0|584674|
0|584675|
0|584676|
0|584677|
0|584678|
0|584679|
0|584680|
0|584681|
0|584682|
0|584683|
0|584684|
0|584685|
0|584686|
0|584687|
0|584688|
0|584689|
0|584690|
0|584691|
0|584692|
0|584693|
0|584694|
0|584695|
0|584696|
0|584697|
0|584698|
0|584699|
0|584700|
0|584701|
0|584702|
0|584703|
0|584704|
0|584705|
0|584706|
0|584707|
0|584708|
0|584709|
0|584710|
0|584711|
0|584712|
0|584713|
0|584714|
0|584715|
0|584716|
0|584717|
0|584718|
0|584719|
0|584720|
0|584721|
0|584722|
