0|358978|
0|358979|
0|358980|
0|358981|
0|358982|
0|358983|
0|358984|
0|358985|
0|358986|
0|358987|
0|358988|
0|358989|
0|358990|
0|358991|
0|358992|
0|358993|
0|358994|
0|358995|
0|358996|
0|358997|
0|358998|
0|358999|
0|359000|
0|359001|
0|359002|
0|359003|
0|359004|
0|359005|
0|359006|
0|359007|
0|359008|
0|359009|
0|359010|
0|359011|
0|359012|
0|359013|
0|359014|
0|359015|
0|359016|
0|359017|
0|359018|
0|359019|
0|359020|
0|359021|
0|359022|
0|359023|
0|359024|
0|359025|
0|359026|
0|359027|
0|359028|
0|359029|
0|359030|
