0|166389|
0|166390|
0|166391|
0|166392|
0|166393|
0|166394|
0|166395|
0|166396|
0|166397|
0|166398|
0|166399|
0|166400|
0|166401|
0|166402|
0|166403|
0|166404|
0|166405|
0|166406|
0|166407|
0|166408|
0|166409|
0|166410|
0|166411|
0|166412|
0|166413|
0|166414|
0|166415|
0|166416|
0|166417|
0|166418|
0|166419|
0|166420|
0|166421|
0|166422|
0|166423|
0|166424|
0|166425|
0|166426|
0|166427|
0|166428|
0|166429|
0|166430|
0|166431|
0|166432|
0|166433|
0|166434|
0|166435|
0|166436|
0|166437|
0|166438|
0|166439|
0|166440|
0|166442|
0|166444|
0|166445|
0|166446|
0|166447|
