0|603762|
0|603763|
0|603764|
0|603765|
0|603766|
0|603767|
0|603768|
0|603769|
0|603770|
0|603771|
0|603772|
0|603773|
0|603774|
0|603775|
0|603776|
0|603777|
0|603778|
0|603779|
0|603780|
0|603781|
0|603782|
0|603783|
0|603784|
0|603785|
0|603786|
0|603787|
0|603788|
0|603789|
0|603790|
0|603791|
0|603792|
0|603793|
0|603794|
0|603795|
0|603796|
0|603797|
0|603798|
0|603799|
0|603800|
0|603801|
0|603802|
0|603803|
0|603804|
0|603805|
0|603806|
0|603807|
0|603808|
0|603809|
0|603810|
0|603811|
0|603812|
