0|89729|
0|89730|
0|89731|
0|89732|
0|89733|
0|89734|
0|89735|
0|89736|
0|89737|
0|89738|
0|89739|
0|89740|
0|89741|
0|89742|
0|89743|
0|89744|
0|89745|
0|89746|
0|89747|
0|89748|
0|89749|
0|89750|
0|89751|
0|89752|
0|89753|
0|89754|
0|89755|
0|89756|
0|89757|
0|89758|
0|89759|
0|89760|
0|89761|
0|89762|
0|89763|
0|89764|
0|89765|
0|89766|
0|89767|
0|89768|
0|89769|
0|89770|
0|89771|
0|89772|
0|89773|
0|89774|
0|89775|
0|89776|
0|89777|
0|89778|
0|89779|
0|89780|
0|89781|
0|89782|
0|89783|
0|89784|
0|89785|
0|89786|
0|89787|
0|89788|
0|89789|
0|89790|
0|89791|
0|89792|
0|89793|
0|89794|
0|89795|
0|89796|
0|89797|
0|89798|
0|89799|
0|89800|
0|89801|
0|89802|
0|89803|
0|89804|
0|89805|
0|89806|
