0|235550|
0|235551|
0|235552|
0|235553|
0|235554|
0|235555|
0|235556|
0|235557|
0|235558|
0|235559|
0|235560|
0|235561|
0|235562|
0|235563|
0|235564|
0|235565|
0|235566|
0|235567|
0|235568|
0|235569|
0|235570|
0|235571|
0|235572|
0|235573|
0|235574|
0|235575|
0|235576|
0|235577|
0|235578|
0|235579|
0|235580|
0|235581|
0|235582|
0|235583|
0|235584|
0|235585|
0|235586|
0|235587|
0|235588|
0|235589|
0|235590|
0|235591|
0|235592|
0|235593|
0|235594|
0|235595|
0|235596|
0|235597|
0|235598|
0|235599|
0|235600|
0|235601|
0|235602|
0|235603|
0|235604|
0|235605|
0|235606|
0|235607|
0|235608|
0|235609|
0|235610|
0|235611|
0|235612|
0|235613|
0|235614|
0|235615|
0|235616|
0|235617|
0|235618|
0|235619|
0|235620|
0|235621|
0|235622|
0|235623|
0|235624|
0|235625|
0|235626|
0|235627|
0|235628|
0|235629|
0|235630|
0|235631|
0|235632|
0|235633|
0|235634|
0|235635|
0|235636|
0|235637|
0|235639|
0|235641|
0|235643|
0|235645|
0|235646|
0|235647|
