0|223335|
0|223336|
0|223337|
0|223338|
0|223339|
0|223340|
0|223341|
0|223342|
0|223343|
0|223344|
0|223345|
0|223346|
0|223347|
0|223348|
0|223349|
0|223350|
0|223351|
0|223352|
0|223353|
0|223354|
0|223355|
0|223356|
0|223357|
0|223358|
0|223359|
0|223360|
0|223361|
0|223362|
0|223363|
0|223364|
0|223365|
0|223366|
0|223367|
0|223368|
0|223369|
0|223370|
0|223371|
0|223372|
0|223373|
0|223374|
0|223375|
0|223376|
0|223377|
0|223378|
0|223379|
0|223380|
0|223381|
0|223382|
0|223383|
0|223384|
0|223385|
0|223386|
0|223387|
0|223388|
0|223389|
0|223390|
0|223391|
0|223392|
0|223393|
0|223394|
0|223395|
0|223396|
0|223397|
0|223398|
0|223399|
0|223400|
0|223401|
0|223402|
0|223403|
0|223404|
0|223405|
0|223406|
0|223407|
0|223408|
0|223409|
0|223410|
0|223411|
